20	65.79868690588808
20.290906698750476	65.79868690313039
20.586044732869844	65.79868690029188
20.885475648548283	65.79868689737022
21.189261887185914	65.79868689436293
21.49746679841394	65.79868689126752
21.810154653305165	65.80489788119492
22.12739065777668	65.82024586824504
22.449240966187475	65.83581687979054
22.77577269513385	65.8516148632021
23.107053937445478	65.85600487354665
23.44315377638505	65.85898686871053
23.784142300054445	65.86201286956744
24.130090616010463	65.86508185959913
24.481070866093134	65.8681958578033
24.837156241469714	65.8713558570017
25.1984209978975	65.87456085058786
25.56494047120865	65.87781285040943
25.936791093020236	65.88111184254862
26.3140504066728	65.88445984069352
26.69679708340074	65.88785583305135
27.08511093873791	65.89130082685429
27.47907294916184	65.894796821889
27.878765268980047	65.89834281952092
28.284271247461966	65.9019408139714
28.695675446220072	65.90559080787054
29.11306365684382	65.90709679934531
29.536522918790062	65.90396379534096
29.966141537533712	65.90078579214651
30.402009102982383	65.89756078177292
30.844216508158908	65.89428977980059
31.29285596815558	65.89097076983907
31.74802103936409	65.88760276256114
32.20980663898519	65.88418675857392
32.67830906482211	65.88072074827112
33.153626015361866	65.87720374127491
33.63585661014871	65.87363573669512
34.125101410453844	65.87001672297419
34.62146244024586	65.86634471472473
35.12504320746613	65.86261870818338
35.635948725613716	65.85883870324248
36.15428553564419	65.85500369589282
36.68016172818701	65.845017688607
37.21368696608603	65.83050767509202
37.754972507267915	65.8157856780235
38.30413122794313	65.80085064822741
38.86127764614443	65.78479865487432
39.4265279456077	65.7683606358494
40.000000000000206	65.75168362355079
40.58181339750116	65.73311859889606
41.1720894657399	65.71288758520338
41.77095129709678	65.6923625789183
42.37852377437204	65.67076558547002
42.9949335968281	65.64871757948885
43.62030930661056	65.62502353958925
44.25478131555359	65.5986725262137
44.89848193237519	65.57217052848725
45.55154539026795	65.54584649617807
46.21410787489121	65.51931650250921
46.88630755277036	65.49301850027183
47.56828460010916	65.46645948319264
48.260181232021196	65.44018844323095
48.962141732186545	65.41360044610586
49.674312482939705	65.38735640162069
50.39684199579528	65.36070540257731
51.129880942417586	65.3315313872034
51.873582186040764	65.30150535876734
52.628100813345895	65.2685703564838
53.393594166801776	65.23735632293142
54.17022187747612	65.20797931422061
54.95814589832399	65.17867329313684
55.75753053796041	65.14923828554464
56.56854249492426	65.11716322739879
57.39135089244048	65.08441422931655
58.226127313687975	65.05519919108878
59.073045837580466	65.02485718477207
59.932283075067765	64.99187715205308
60.804018205965114	64.95888212241192
61.68843301631817	64.92573810404306
62.58571193631152	64.892852080739
63.49604207872855	64.85975904858708
64.41961327797075	64.82676501449242
65.35661812964459	64.79605399097835
66.3072520307241	64.76662296452204
67.27171322029778	64.73458492766466
68.25020282090806	64.70098091018015
69.2429248804921	64.66331187644948
70.25008641493265	64.62867582538802
71.27189745122783	64.5955027905283
72.30857107128878	64.5626357675707
73.36032345637442	64.52956171964075
74.42737393217246	64.49653869875948
75.50994501453623	64.4603626579685
76.60826245588666	64.42255660371819
77.72255529228926	64.38481756895585
78.85305589121582	64.34714654067231
80.00000000000082	64.30936549417862
81.16362679500274	64.27157045671213
82.34417893148023	64.23392540682073
83.541902594194	64.19346037159707
84.75704754874454	64.1505603256995
85.98986719365665	64.11284325368331
87.24061861322157	64.0705002223532
88.50956263110764	64.02647116958467
89.79696386475084	63.982404107402786
91.10309078053635	63.93821405460382
92.42821574978288	63.88538599993031
93.77261510554118	63.84120592714902
95.13656920021877	63.79073386144636
96.52036246404286	63.7286587899898
97.92428346437356	63.674095726570464
99.34862496587989	63.62127067894412
100.79368399159105	63.568444609934545
102.25976188483567	63.515617543731096
103.74716437208203	63.45314245412734
105.25620162669229	63.39897640667145
106.78718833360406	63.33471130271187
108.34044375495276	63.26871724867296
109.9162917966485	63.202694165852854
111.51506107592134	63.13664407094014
113.13708498984903	63.07056498870551
114.78270178488147	63.00308790885898
116.45225462737648	62.92484882666024
118.14609167516147	62.85878772836517
119.86456615013608	62.779058613128626
121.60803641193078	62.70560350354944
123.3768660326369	62.63328341697677
125.17142387262359	62.553597319128336
126.99208415745765	62.477893198304116
128.83922655594208	62.39414811438011
130.71323625928977	62.320022968156614
132.61450406144883	62.23469285967456
134.5434264405962	62.16214672089043
136.50040564181674	62.074047632035594
138.48584976098482	61.99557649688562
140.50017282986593	61.91615636191
142.5437949024563	61.828153223290116
144.61714214257822	61.742703074079174
146.7206469127495	61.67027593778538
148.8547478643456	61.5821757919479
151.01989002907314	61.50358863251476
153.216524911774	61.42428747948831
155.4451105845792	61.336282330837946
157.70611178243232	61.248202156295065
160.00000000000236	61.16014897632253
162.3272535900062	61.090302812104426
164.6883578629612	61.00228362321181
167.08380518838874	60.91422442425355
169.51409509748981	60.82613923509871
171.97973438731407	60.73812102679475
174.4812372264439	60.650028829518156
177.01912526221608	60.57197661842101
179.5939277295025	60.49212541885967
182.20618156107355	60.40412620284178
184.85643149956664	60.31605294275981
187.54523021108326	60.22798871666613
190.27313840043846	60.13995746817973
193.04072492808663	60.051852233557454
195.84856692874806	59.96383897652467
198.69724993176072	59.87577571189193
201.58736798318304	59.78769543803327
204.5195237696723	59.70640316366467
207.49432874416505	59.62983487540806
210.5124032533856	59.52354956462584
213.57437666720915	59.435496275868935
216.68088750990657	59.34740196562539
219.83258359329807	59.25938963929251
223.03012215184378	59.171303290531114
226.2741699796992	59.083259952150684
229.5654035697641	58.99521461000098
232.90450925475412	58.907106228415046
236.2921833503241	58.81910385194225
239.72913230027333	58.73102546825759
243.21607282386276	58.64296808392098
246.75373206527502	58.55493266955296
250.34284774524843	58.448637259084144
253.9841683149166	58.36053181178021
257.67845311188546	58.272527371800685
261.42647251858085	58.187029927362225
265.22900812289896	58.101902442001915
269.08685288119375	58.00835496264478
273.0008112836349	57.9204854553195
276.97169952197106	57.850467954664104
281.00034565973334	57.76238142451783
285.0875898049141	57.65609987747955
289.23428428515797	57.568071305794795
293.44129382550057	57.47996873834313
297.7094957286928	57.40122014569703
302.0397800581479	57.3220845282151
306.4330498235497	57.241778903162896
310.89022116916016	57.17573324916003
315.41222356486645	57.09596259303214
320.00000000000654	57.0299618990165
324.6545071800142	56.96942319053731
329.3767157259242	56.916585468437056
334.16761037677935	56.86374671298029
339.02819019498156	56.81362694469574
343.95946877463007	56.77025515534411
348.9624744528898	56.737358334437076
354.03825052443415	56.708002499561374
359.187855459007	56.68406662973754
364.4123631221491	56.659185740996705
369.71286299913527	56.62995982531149
375.0904604221685	56.61525588410274
380.54627680087896	56.641569910200054
386.08144985617537	56.66724291110928
391.6971338574982	56.689081882523865
397.3944998635236	56.71123882367399
403.1747359663683	56.74102673409708
409.0390475393468	56.77479160971042
414.9886574883323	56.81877646168333
421.0248065067734	56.86995326466234
427.1487533344206	56.92277804864507
433.3617750198154	56.985453786007845
439.6651671865984	57.05149549130188
446.06024430368984	57.11749715800382
452.54833995940066	57.1835257808808
459.13080713953053	57.249583368748766
465.8090185095106	57.31566890709685
472.58436670065066	57.39532941030309
479.45826460054917	57.46136886789108
486.432145647728	57.542124280297315
493.50746413055253	57.62079965187626
500.6856954904994	57.7000059739401
507.9683366298358	57.780235233190666
515.3569062237735	57.857858457623315
522.8529450371643	57.93967562115
530.4580162458005	58.01571673517981
538.1737057623901	58.09912078626124
546.0016225672724	58.1735807839525
553.9433990439449	58.24491472903266
562.0006913194694	58.331452611425014
570.1751796098309	58.404326422859484
578.4685685703187	58.484021175882106
586.8825876510039	58.559151864594206
595.4189914573883	58.64346749137829
604.0795601162986	58.71701903831688
612.8660996471021	58.78923951235273
621.780442338323	58.86892092188722
630.8244471297356	58.944722247562666
640.0000000000159	59.014745495569585
649.3090143600314	59.102585666456754
658.7534314518515	59.17415175242444
668.3352207535618	59.25381974588416
678.0563803899662	59.33029166176264
687.9189375492632	59.40014547607598
697.9249489057827	59.47928420531456
708.0765010488715	59.55800883694815
718.3757109180171	59.627805367545406
728.8247262443015	59.71585979919812
739.425725998274	59.785696122058184
750.1809208443404	59.864183337308
761.0925536017613	59.9435794406222
772.1628997123541	60.013358432197556
783.3942677149998	60.101426304296545
794.7889997270506	60.171245055923904
806.34947193274	60.25927968310422
818.0780950786972	60.32913818141994
829.9773149766683	60.40850754546982
842.0496130135506	60.48699077398496
854.2975066688449	60.5750028592643
866.7235500396347	60.64768680500492
879.3303343732008	60.73287260145549
892.1204886073838	60.8209802369712
905.0966799188055	60.900464722072094
918.2616142790653	60.9788270447258
931.6180370190256	61.066839195931024
945.1687334013056	61.15333417877281
958.9165292011028	61.23546898084909
972.8642912954606	61.33099760167365
987.0149282611097	61.41908903364016
1001.3713909810035	61.507091270384784
1015.9366732596762	61.595167311012375
1030.7138124475518	61.68320814617643
1045.7058900743334	61.78948476544079
1060.916032491606	61.87753017258184
1076.3474115247852	61.983819345805095
1092.0032451345498	62.07189029888414
1107.8867980878947	62.17816300957851
1124.0013826389438	62.278038472904505
1140.350359219667	62.372472690417496
1156.9371371406426	62.47875964400242
1173.765175302013	62.58504733158583
1190.837982914782	62.69133674026819
1208.1591202326028	62.77938586957288
1225.73219929421	62.885659704947685
1243.5608846766518	62.983744235771496
1261.648894259477	63.07997846307343
1280.0000000000375	63.16805836688282
1298.6180287200684	63.27432794155501
1317.5068629037087	63.36234018033582
1336.6704415071292	63.46862106688699
1356.112760779938	63.54265059835538
1375.8378750985323	63.62648175923614
1395.8498978115715	63.73276653605604
1416.153002097749	63.80910092314841
1436.7514218360407	63.890634903358965
1457.6494524886093	63.97865747022356
1478.8514519965543	64.04850760400592
1500.3618416886875	64.12791129612033
1522.1851072035295	64.19394753562666
1544.3257994247153	64.26001130474776
1566.788535430007	64.32604358975874
1589.5779994541087	64.39202737661198
1612.6989438654878	64.45248964878344
1636.156190157402	64.50530839442793
1659.9546299533442	64.5581275940932
1684.099226027109	64.61094723298737
1708.5950133376978	64.663767293881
1733.4471000792773	64.71445375750287
1758.6606687464096	64.7585376068231
1784.2409772147755	64.81133082458184
1810.193359837619	64.86412938831745
1836.5232285581387	64.90869728006219
1863.2360740380593	64.95267348008758
1890.3374668026197	64.99388696474387
1917.833058402214	65.03171871438583
1945.7285825909298	65.06458770350194
1974.0298565222283	65.09116791143683
2002.7427819620161	65.10481731346708
2031.8733465193618	65.11866488364042
2061.4276248951132	65.1327135972676
2091.411780148677	65.13506742719643
2121.832064983222	65.11968934631435
2152.694823049581	65.1040873260729
2184.0064902691106	65.08825833705049
2215.7735961758003	65.04760034970877
2248.002765277899	64.99789733212118
2280.7007184393456	64.93700925224613
2313.874274281297	64.87088507753315
2347.530350604038	64.8021897739693
2381.6759658295764	64.72510530308313
2416.318240465218	64.64421062889569
2451.4643985884327	64.56558871777072
2487.1217693533167	64.49948652358756
2523.2977885189675	64.44359401188045
2560.0000000000887	64.41476013583319
2597.236057440151	64.39442585452962
2635.0137258074315	64.37563412301165
2673.340883014273	64.39737589382703
2712.225521559891	64.41943311907441
2751.6757501970797	64.47839775012727
2791.699795623158	64.58030273220999
2832.3060041955137	64.73967701750715
2873.502843672097	64.931460543132
2915.2989049772345	65.14087726003633
2957.7029039931244	65.40497510378252
3000.723683377391	65.6690730170725
3044.370214407075	65.98787893113885
3088.6515988494466	66.32466577798084
3133.57707086003	66.68020349818214
3179.1559989082334	67.05300801700808
3225.3978877309914	67.37250825929402
3272.3123803148205	67.6912991551261
3319.9092599067053	67.95538761499203
3368.198452054235	68.21947856595806
3417.190026675413	68.48357091713171
3466.8942001585724	68.69295558748001
3517.3213374928373	68.85335247944192
3568.4819544295697	68.96145249882451
3620.386719675257	69.04937854678313
3673.0464571162966	69.12240852363493
3726.472148076138	69.1641913201845
3780.6749336052594	69.19484882611665
3835.6661168044484	69.21492892688687
3891.45716518188	69.23529950219954
3948.059713044477	69.23293042746323
4005.4855639240527	69.22098957310239
4063.746693038744	69.208871804072
4122.855249790247	69.1965759799647
4182.823560297375	69.18455995419913
4243.664129966465	69.17493957456458
4305.389646099183	69.1651776819201
4368.012980538242	69.15527111075608
4431.5471923516225	69.1452166879502
4496.00553055582	69.13501423368871
4561.401436878714	69.12317455939942
4627.748548562617	69.1099934689282
4695.060701208099	69.09661675680371
4763.351931659176	69.08304220907888
4832.63648093046	69.06930660127982
4902.928797176889	69.05542369925148
4974.243538706657	69.04133425799273
5046.595577037959	69.02703702064774
5120.000000000202	69.01355671880545
5194.472114880326	69.00097607099657
5270.027451614888	68.98820678230119
5346.6817660285715	68.97524854333359
5424.451043119808	68.96191702983688
5503.351500394186	68.94724990121578
5583.399591246343	68.93236479999712
5664.612008391055	68.91725635033808
5747.005687344222	68.90189315735152
5830.597809954497	68.8862568056057
5915.405807986278	68.87038685770202
6001.447366754812	68.85427885329437
6088.740428814181	68.83863630706746
6177.303197698925	68.82284770750853
6267.154141720092	68.80682251479382
6358.3119978165005	68.78961615907522
6450.795775462017	68.77053303821508
6544.624760629676	68.7511625161519
6639.818519813445	68.73187391903227
6736.396904108505	68.71271753415151
6834.380053350861	68.69327260622292
6933.788400317181	68.67398633439527
7034.642674985712	68.65475086878224
7136.963908859177	68.63522330667352
7240.773439350552	68.61381068855881
7346.092914232631	68.59128899399369
7452.944296152315	68.56775213601263
7561.349867210557	68.54089295627635
7671.332233608935	68.51371721929233
7782.914330363799	68.48683460509298
7896.119426088994	68.45957770386691
8010.971127848146	68.43266500625936
8127.49338607753	68.40534089572553
8245.710499580537	68.37549363921939
8365.647120594791	68.3448153756654
8487.328259932974	68.31108310517962
8610.77929219841	68.27504767576085
8736.025961076528	68.23626976879991
8863.094384703289	68.19137888280495
8992.011061111683	68.1464083151629
9122.802873757471	68.10135214322831
9255.497097125279	68.05620619980559
9390.121402416245	68.01066904954534
9526.7038633184	67.95662595950525
9665.272961860968	67.88939586698552
9805.857594353829	67.82205134238704
9948.487077413367	67.75460754993557
10093.19115407597	67.68705719873319
10240.000000000457	67.60060148972505
10388.944229760706	67.51084005531196
10540.05490322983	67.4210918881921
10693.363532057198	67.33116526298977
10848.902086239672	67.22290064098682
11006.703000788428	67.11451156567573
11166.799182492743	67.00598753558927
11329.224016782166	66.89786486461657
11494.0113746885	66.7703205075066
11661.195619909053	66.65585986661188
11830.811615972614	66.52089155824976
12002.894733509682	66.35836813755533
12177.48085762842	66.16587277120415
12354.606395397908	65.95283785053968
12534.308283440243	65.68482852785559
12716.62399563306	65.41650615208043
12901.591550924093	65.14783458904188
13089.249521259411	64.82406840353538
13279.637039626952	64.55457184431333
13472.793808217073	64.2298975949397
13668.760106701786	63.959383240582724
13867.576800634426	63.68824132827784
14069.285349971487	63.36167894809151
14273.927817718419	63.08899965448633
14481.54687870117	62.81349552575615
14692.18582846533	62.48597308452884
14905.888592304698	62.21000167589014
15122.699734421185	61.877822737582896
15342.664467217943	61.598571188990725
15565.828660727671	61.26249177856696
15792.238852178061	60.9780927283715
16021.942255696367	60.63684221336493
16254.986772155136	60.30955893798674
16491.42099916115	59.995712186324866
16731.294241189662	59.69412956425892
16974.65651986603	59.33018178629513
17221.558584396902	59.01099794314958
17472.051922153143	58.67871336278555
17726.188769406665	58.32878979268499
17984.022122223458	57.95473676337052
18245.605747515034	57.54711811188659
18510.99419425065	57.0992629605247
18780.242804832582	56.84240265714193
19053.40772663689	56.49653632501172
19330.545923722028	56.048251386247316
19611.71518870775	55.54196302633922
19896.974154826825	55.174443181740685
20186.382308152035	55.25693809834351