20	66.4250795802075
20.290906698750476	66.42754924303959
20.586044732869844	66.4942638407995
20.885475648548283	66.53598649770669
21.189261887185914	66.57766016631034
21.49746679841394	66.61946177886225
21.810154653305165	66.66123337330129
22.12739065777668	66.698563981431
22.449240966187475	66.73602160819485
22.77577269513385	66.7777171516283
23.107053937445478	66.8194037487622
23.44315377638505	66.86121628217734
23.784142300054445	66.90296088641007
24.130090616010463	66.94462433083561
24.481070866093134	66.98641487408065
24.837156241469714	67.02820941653174
25.1984209978975	67.0698498724426
25.56494047120865	67.10951738787905
25.936791093020236	67.14607480479418
26.3140504066728	67.18636527656683
26.69679708340074	67.22816866192429
27.08511093873791	67.26993605019888
27.47907294916184	67.3073064383347
27.878765268980047	67.34395283570971
28.284271247461966	67.38037718340813
28.695675446220072	67.41690653140485
29.11306365684382	67.45350677342044
29.536522918790062	67.48659808822352
29.966141537533712	67.51923832972159
30.402009102982383	67.5515236213712
30.844216508158908	67.58416780436627
31.29285596815558	67.61645504264162
31.74802103936409	67.64904922863695
32.20980663898519	67.68139435754387
32.67830906482211	67.7129285190568
33.153626015361866	67.74204762283472
33.63585661014871	67.77079167934889
34.125101410453844	67.79719077847318
34.62146244024586	67.8239748007018
35.12504320746613	67.84497678829571
35.635948725613716	67.86583673673752
36.15428553564419	67.88675466708938
36.68016172818701	67.89139859020463
37.21368696608603	67.89610946705758
37.754972507267915	67.9008903047937
38.30413122794313	67.90574011902252
38.86127764614443	67.91065988682558
39.4265279456077	67.91565162646913
40.000000000000206	67.92071632695243
40.58181339750116	67.92585399238749
41.1720894657399	67.93106661572027
41.77095129709678	67.9363551966189
42.37852377437204	67.94172073286701
42.9949335968281	67.94716422942582
43.62030930661056	67.94350468497166
44.25478131555359	67.93904809376893
44.89848193237519	67.93452745871541
45.55154539026795	67.92994076978937
46.21410787489121	67.92528703832494
46.88630755277036	67.92056625468605
47.56828460010916	67.91577641614903
48.260181232021196	67.91091651967191
48.962141732186545	67.90598657572849
49.674312482939705	67.90098456597218
50.39684199579528	67.89591050620277
51.129880942417586	67.89076138296733
51.873582186040764	67.88348719304079
52.628100813345895	67.8683879506885
53.393594166801776	67.85306862792395
54.17022187747612	67.83752725020945
54.95814589832399	67.82125579655855
55.75753053796041	67.80323327973798
56.56854249492426	67.78494865908935
57.39135089244048	67.76639799749094
58.226127313687975	67.74726623435724
59.073045837580466	67.72782641115238
59.932283075067765	67.70810448855505
60.804018205965114	67.68769048294415
61.68843301631817	67.6668683969817
62.58571193631152	67.64574521796013
63.49604207872855	67.62508494065501
64.41961327797075	67.60423856628094
65.35661812964459	67.58308910121417
66.3072520307241	67.56247653329385
67.27171322029778	67.54160585461392
68.25020282090806	67.52040508113129
69.2429248804921	67.49819118708332
70.25008641493265	67.47565416845642
71.27189745122783	67.45307604385322
72.30857107128878	67.4307688072606
73.36032345637442	67.40813643020883
74.42737393217246	67.38571894435556
75.50994501453623	67.36331731416442
76.60826245588666	67.34058953992272
77.72255529228926	67.31460564033776
78.85305589121582	67.28793860299626
80.00000000000082	67.25528840595743
81.16362679500274	67.21861206595723
82.34417893148023	67.17064455939234
83.541902594194	67.1219749092111
84.75704754874454	67.0689150828396
85.98986719365665	67.01440205546292
87.24061861322157	66.96563690244528
88.50956263110764	66.91691454523874
89.79696386475084	66.85944299490308
91.10309078053635	66.80943426370918
92.42821574978288	66.7607483340071
93.77261510554118	66.7085211873574
95.13656920021877	66.65315484281247
96.52036246404286	66.60437327733095
97.92428346437356	66.55570949754767
99.34862496587989	66.49907751256552
100.79368399159105	66.44064227272158
102.25976188483567	66.38935579672824
103.74716437208203	66.34064605257048
105.25620162669229	66.28965509508832
106.78718833360406	66.2330218268002
108.34044375495276	66.18427132955446
109.9162917966485	66.12645853584922
111.51506107592134	66.0767924461683
113.13708498984903	66.02181107492441
114.78270178488147	65.96336640496673
116.45225462737648	65.91039041997787
118.14609167516147	65.8586341079066
119.86456615013608	65.80017645242823
121.60803641193078	65.74171746377745
123.3768660326369	65.68503414574423
125.17142387262359	65.63628445970693
126.99208415745765	65.56632939036962
128.83922655594208	65.50786396722037
130.71323625928977	65.44939511063995
132.61450406144883	65.39094987801775
134.5434264405962	65.32035821293084
136.50040564181674	65.26049515590559
138.48584976098482	65.18747563227295
140.50017282986593	65.12069865486318
142.5437949024563	65.05658721208427
144.61714214257822	64.98351528440797
146.7206469127495	64.91041287935326
148.8547478643456	64.8373259602373
151.01989002907314	64.76431051148475
153.216524911774	64.69126553468546
155.4451105845792	64.61819101153483
157.70611178243232	64.5450869019522
160.00000000000236	64.47199520627656
162.3272535900062	64.39897692789292
164.6883578629612	64.31662600852769
167.08380518838874	64.2375754486596
169.51409509748981	64.16235824539856
171.97973438731407	64.07626935640076
174.4812372264439	64.00317578518967
177.01912526221608	63.930052492971114
179.5939277295025	63.85389048211144
182.20618156107355	63.75646770701554
184.85643149956664	63.68038411399603
187.54523021108326	63.60223975881072
190.27313840043846	63.519067567197695
193.04072492808663	63.44594654426194
195.84856692874806	63.357694636848166
198.69724993176072	63.273430831439555
201.58736798318304	63.19622910145068
204.5195237696723	63.10801342975242
207.49432874416505	63.034925773907624
210.5124032533856	62.94656610082694
213.57437666720915	62.86749442182434
216.68088750990657	62.78521166857825
219.83258359329807	62.69688881541518
223.03012215184378	62.62383182320932
226.2741699796992	62.53863669348351
229.5654035697641	62.4623583781926
232.90450925475412	62.38437681277971
236.2921833503241	62.301015003036945
239.72913230027333	62.22787890037906
243.21607282386276	62.15478047441297
246.75373206527502	62.08173066343411
250.34284774524843	62.00864945504872
253.9841683149166	61.935538780741204
257.67845311188546	61.87328463016808
261.42647251858085	61.80453395501789
265.22900812289896	61.74408968276613
269.08685288119375	61.68560580480259
273.0008112836349	61.62711925194861
276.97169952197106	61.57586500164956
281.00034565973334	61.522328978958825
285.0875898049141	61.46818414555956
289.23428428515797	61.41745944632066
293.44129382550057	61.358940846619134
297.7094957286928	61.3022772747733
302.0397800581479	61.260535675725905
306.4330498235497	61.218762004786115
310.89022116916016	61.178653192605765
315.41222356486645	61.14622419214092
320.00000000000654	61.112311927849376
324.6545071800142	61.07571434642561
329.3767157259242	61.039158386982
334.16761037677935	61.00237997079953
339.02819019498156	60.96995004447986
343.95946877463007	60.93679753477399
348.9624744528898	60.900298361866376
354.03825052443415	60.86544147163668
359.187855459007	60.8328747665072
364.4123631221491	60.80216519062457
369.71286299913527	60.772830656731514
375.0904604221685	60.74193208313891
380.54627680087896	60.709334397534604
386.08144985617537	60.678759505958624
391.6971338574982	60.64939632725289
397.3944998635236	60.62144377348024
403.1747359663683	60.59480475467241
409.0390475393468	60.56847518211467
414.9886574883323	60.54417695385097
421.0248065067734	60.51952398821752
427.1487533344206	60.49768317238782
433.3617750198154	60.476739417895594
439.6651671865984	60.455488617555815
446.06024430368984	60.4483106688483
452.54833995940066	60.444505465810835
459.13080713953053	60.44064289998505
465.8090185095106	60.43672186207476
472.58436670065066	60.43274123909396
479.45826460054917	60.4287009176022
486.432145647728	60.424599781323664
493.50746413055253	60.42043671214429
500.6856954904994	60.41621059055291
507.9683366298358	60.411920295527665
515.3569062237735	60.4075657021813
522.8529450371643	60.403144686723614
530.4580162458005	60.39865712187714
538.1737057623901	60.39410188017418
546.0016225672724	60.389477831644825
553.9433990439449	60.38931784549604
562.0006913194694	60.392317790735504
570.1751796098309	60.39535853410044
578.4685685703187	60.398440943056144
586.8825876510039	60.40156488373596
595.4189914573883	60.40473222253881
604.0795601162986	60.40794182494653
612.8660996471021	60.41119555798808
621.780442338323	60.414493289527535
630.8244471297356	60.41783588718926
640.0000000000159	60.42122422134222
649.3090143600314	60.424659164114566
658.7534314518515	60.4281405896638
668.3352207535618	60.43166937530547
678.0563803899662	60.43524640310363
687.9189375492632	60.438872557511004
697.9249489057827	60.44254873030984
708.0765010488715	60.45210981763828
718.3757109180171	60.464235722822266
728.8247262443015	60.47653535808207
739.425725998274	60.48901064255864
750.1809208443404	60.50166450763719
761.0925536017613	60.514220895211054
772.1628997123541	60.52693076088005
783.3942677149998	60.53982307377572
794.7889997270506	60.552900820065304
806.34947193274	60.56684700427508
818.0780950786972	60.582398650849626
829.9773149766683	60.59817380696204
842.0496130135506	60.61417754588706
854.2975066688449	60.639294967487345
866.7235500396347	60.67135520607286
879.3303343732008	60.70326242675691
892.1204886073838	60.735364831518574
905.0966799188055	60.770570673058444
918.2616142790653	60.80671524283861
931.6180370190256	60.84263888467142
945.1687334013056	60.884634005202145
958.9165292011028	60.935190066096425
972.8642912954606	60.99311360595411
987.0149282611097	61.053295235520466
1001.3713909810035	61.12577665047384
1015.9366732596762	61.21018664561415
1030.7138124475518	61.30702511060759
1045.7058900743334	61.42418504697728
1060.916032491606	61.548767596500824
1076.3474115247852	61.66387601158615
1092.0032451345498	61.80942573492342
1107.8867980878947	61.95501433678431
1124.0013826389438	62.12862658920715
1140.350359219667	62.27656948185185
1156.9371371406426	62.42215919557893
1173.765175302013	62.577330183634174
1190.837982914782	62.74383715447509
1208.1591202326028	62.91991613611128
1225.73219929421	63.08708546501249
1243.5608846766518	63.24166184845592
1261.648894259477	63.42704141472366
1280.0000000000375	63.59402770094023
1298.6180287200684	63.77025275852491
1317.5068629037087	63.94650817584734
1336.6704415071292	64.10739912251539
1356.112760779938	64.26875644510656
1375.8378750985323	64.41472569953535
1395.8498978115715	64.5912422414601
1416.153002097749	64.70694332519132
1436.7514218360407	64.83811716047599
1457.6494524886093	64.95606604986996
1478.8514519965543	65.0741344597154
1500.3618416886875	65.17208018227592
1522.1851072035295	65.27006344299878
1544.3257994247153	65.35067904352101
1566.788535430007	65.41170253340353
1589.5779994541087	65.47131537369896
1612.6989438654878	65.53115512003319
1636.156190157402	65.59124462770559
1659.9546299533442	65.64455324956916
1684.099226027109	65.69550006918732
1708.5950133376978	65.74530012347
1733.4471000792773	65.78999263743837
1758.6606687464096	65.8110952604879
1784.2409772147755	65.82511228493615
1810.193359837619	65.83978384627268
1836.5232285581387	65.85516208755953
1863.2360740380593	65.87130425925255
1890.3374668026197	65.88827272986599
1917.833058402214	65.88734487009955
1945.7285825909298	65.88555875464706
1974.0298565222283	65.88450661922481
2002.7427819620161	65.88425799235941
2031.8733465193618	65.88488639406404
2061.4276248951132	65.88646047468805
2091.411780148677	65.87650044527732
2121.832064983222	65.86124961468616
2152.694823049581	65.83998083435425
2184.0064902691106	65.81259664031641
2215.7735961758003	65.77206088223075
2248.002765277899	65.73281466983954
2280.7007184393456	65.69476357016391
2313.874274281297	65.63920513586999
2347.530350604038	65.54392012078827
2381.6759658295764	65.44517611060618
2416.318240465218	65.3223658428013
2451.4643985884327	65.16883603379175
2487.1217693533167	64.98395816856211
2523.2977885189675	64.76708536436874
2560.0000000000887	64.50547621051471
2597.236057440151	64.28902450528821
2635.0137258074315	64.00742697375858
2673.340883014273	63.78160808158458
2712.225521559891	63.549815024685515
2751.6757501970797	63.32289262421878
2791.699795623158	63.162597925490545
2832.3060041955137	63.045274449430494
2873.502843672097	62.96792124803546
2915.2989049772345	62.98584363500219
2957.7029039931244	63.05216286161332
3000.723683377391	63.156581678598414
3044.370214407075	63.33689394621295
3088.6515988494466	63.6210452334782
3133.57707086003	63.93232094430033
3179.1559989082334	64.34946265166965
3225.3978877309914	64.77549827780373
3272.3123803148205	65.30215486739507
3319.9092599067053	65.76893182323809
3368.198452054235	66.29824075033814
3417.190026675413	66.74784951012936
3466.8942001585724	67.17217392475857
3517.3213374928373	67.53453170417875
3568.4819544295697	67.83028323613377
3620.386719675257	68.03570414593686
3673.0464571162966	68.22819919325279
3726.472148076138	68.33742431302349
3780.6749336052594	68.33514095199804
3835.6661168044484	68.3213128273446
3891.45716518188	68.31095343323967
3948.059713044477	68.3040315794598
4005.4855639240527	68.27459224393577
4063.746693038744	68.24378499243522
4122.855249790247	68.21576717818633
4182.823560297375	68.19043308333147
4243.664129966465	68.13789912437629
4305.389646099183	68.07444218857086
4368.012980538242	68.01941514780408
4431.5471923516225	67.96707653792473
4496.00553055582	67.90610939977533
4561.401436878714	67.82546321126058
4627.748548562617	67.73405189337622
4695.060701208099	67.64427979429409
4763.351931659176	67.53896462997112
4832.63648093046	67.44906228852456
4902.928797176889	67.3605334997897
4974.243538706657	67.25858629547778
5046.595577037959	67.1750252556528
5120.000000000202	67.07187753812238
5194.472114880326	66.98479266325074
5270.027451614888	66.88760708492964
5346.6817660285715	66.78597654647541
5424.451043119808	66.68598325150784
5503.351500394186	66.60387785628328
5583.399591246343	66.50284932634081
5664.612008391055	66.40184566464391
5747.005687344222	66.30079655098696
5830.597809954497	66.19964190152795
5915.405807986278	66.0983273767526
6001.447366754812	65.99680685879333
6088.740428814181	65.89249690290453
6177.303197698925	65.79250819032009
6267.154141720092	65.69067898119052
6358.3119978165005	65.58803758556277
6450.795775462017	65.46025885274292
6544.624760629676	65.35894069128156
6639.818519813445	65.23738360572558
6736.396904108505	65.12479128283773
6834.380053350861	65.02235419550702
6933.788400317181	64.88908724494681
7034.642674985712	64.77806543252017
7136.963908859177	64.65182656381866
7240.773439350552	64.51746198182478
7346.092914232631	64.39915732969303
7452.944296152315	64.2779803327045
7561.349867210557	64.14245261180609
7671.332233608935	64.00661951646237
7782.914330363799	63.87038297243872
7896.119426088994	63.73386236218926
8010.971127848146	63.5969904019846
8127.49338607753	63.4597770496261
8245.710499580537	63.32230542131493
8365.647120594791	63.15404971424602
8487.328259932974	63.01594114907898
8610.77929219841	62.87756291688749
8736.025961076528	62.708449133788136
8863.094384703289	62.56956380364859
8992.011061111683	62.39993978742334
9122.802873757471	62.26050878187538
9255.497097125279	62.09041029310802
9390.121402416245	61.92007862668003
9526.7038633184	61.74952087229719
9665.272961860968	61.57874489462161
9805.857594353829	61.43820232565735
9948.487077413367	61.236569566054705
10093.19115407597	61.09566577649784
10240.000000000457	60.89460487994479
10388.944229760706	60.72904456310337
10540.05490322983	60.550003276275824
10693.363532057198	60.37793924017209
10848.902086239672	60.17523044445912
11006.703000788428	60.004174656917236
11166.799182492743	59.83031542296806
11329.224016782166	59.62720407919035
11494.0113746885	59.4543777478668
11661.195619909053	59.25099635160259
11830.811615972614	59.0779196157808
12002.894733509682	58.874243074679214
12177.48085762842	58.700935075322505
12354.606395397908	58.49704178682982
12534.308283440243	58.293063205870546
12716.62399563306	58.09096115980078
12901.591550924093	57.91517531113516
13089.249521259411	57.71088016869603
13279.637039626952	57.50647908923953
13472.793808217073	57.301949279272776
13668.760106701786	57.12780580796908
13867.576800634426	56.90124360338197
14069.285349971487	56.71839046173399
14273.927817718419	56.503956051912766
14481.54687870117	56.308630915816714
14692.18582846533	56.1035904747603
14905.888592304698	55.89854703448707
15122.699734421185	55.69338878357553
15342.664467217943	55.48815680094268
15565.828660727671	55.31024105606528
15792.238852178061	55.08059341139992
16021.942255696367	54.90253962774665
16254.986772155136	54.682021360761674
16491.42099916115	54.4915241680811
16731.294241189662	54.28317150658652
16974.65651986603	54.05321673558052
17221.558584396902	53.874507115171546
17472.051922153143	53.65404481067031
17726.188769406665	53.432435887331415
17984.022122223458	53.2546203140476
18245.605747515034	53.02438796046191
18510.99419425065	52.8450535937318
18780.242804832582	52.62467188275961
19053.40772663689	52.43291738822237
19330.545923722028	52.22471956417901
19611.71518870775	51.99422975320745
19896.974154826825	51.8142861812055
20186.382308152035	51.62192995291206