20	68.485719444948
20.290906698750476	68.49303292391689
20.586044732869844	68.4542635562215
20.885475648548283	68.42561309310399
21.189261887185914	68.42814472793566
21.49746679841394	68.46867349113388
21.810154653305165	68.54210989349943
22.12739065777668	68.56324128143947
22.449240966187475	68.5120194817972
22.77577269513385	68.4817005815864
23.107053937445478	68.47634058580898
23.44315377638505	68.48209373933625
23.784142300054445	68.49081024302745
24.130090616010463	68.49525843151345
24.481070866093134	68.4966500637734
24.837156241469714	68.50031787086624
25.1984209978975	68.50115476480991
25.56494047120865	68.4941216611046
25.936791093020236	68.47659972590903
26.3140504066728	68.44571977170331
26.69679708340074	68.39882036717806
27.08511093873791	68.36788301542353
27.47907294916184	68.38667584027412
27.878765268980047	68.4007466843064
28.284271247461966	68.3948161112605
28.695675446220072	68.37679397323299
29.11306365684382	68.35553237668559
29.536522918790062	68.33514607059972
29.966141537533712	68.31189829096739
30.402009102982383	68.28665722398141
30.844216508158908	68.25992057434918
31.29285596815558	68.22961240116243
31.74802103936409	68.19855723412863
32.20980663898519	68.17168892743625
32.67830906482211	68.14968167842325
33.153626015361866	68.1305323266183
33.63585661014871	68.11467134902017
34.125101410453844	68.10067545840793
34.62146244024586	68.08267415934264
35.12504320746613	68.0579191415306
35.635948725613716	68.02932572667294
36.15428553564419	67.99731608778264
36.68016172818701	67.96397292447139
37.21368696608603	67.9301640414037
37.754972507267915	67.89321463433502
38.30413122794313	67.84996000054738
38.86127764614443	67.80222704332914
39.4265279456077	67.75632110736024
40.000000000000206	67.71140663700402
40.58181339750116	67.66922830577255
41.1720894657399	67.63240249944282
41.77095129709678	67.60244884530971
42.37852377437204	67.57844842483803
42.9949335968281	67.55683706595936
43.62030930661056	67.53311033672557
44.25478131555359	67.49248365937005
44.89848193237519	67.4336208378284
45.55154539026795	67.3645062472038
46.21410787489121	67.29335145304114
46.88630755277036	67.2249288182128
47.56828460010916	67.16236379309701
48.260181232021196	67.10791552487524
48.962141732186545	67.05626537950931
49.674312482939705	67.0065231083141
50.39684199579528	66.95749224515016
51.129880942417586	66.90939873477124
51.873582186040764	66.8611758893509
52.628100813345895	66.81102028829723
53.393594166801776	66.7580028346748
54.17022187747612	66.70359815412036
54.95814589832399	66.65171356554106
55.75753053796041	66.597433035112
56.56854249492426	66.54081800720158
57.39135089244048	66.48149522855599
58.226127313687975	66.42015141693142
59.073045837580466	66.35657978973867
59.932283075067765	66.29016646434505
60.804018205965114	66.22112928086794
61.68843301631817	66.14931923174899
62.58571193631152	66.07532129621646
63.49604207872855	65.99897993465983
64.41961327797075	65.92351022209975
65.35661812964459	65.84751367814509
66.3072520307241	65.76930666257807
67.27171322029778	65.68897302890026
68.25020282090806	65.60861602359405
69.2429248804921	65.53122402424275
70.25008641493265	65.45354990961573
71.27189745122783	65.3770528028083
72.30857107128878	65.30041238384075
73.36032345637442	65.22277286483421
74.42737393217246	65.14403077626889
75.50994501453623	65.0651310043703
76.60826245588666	64.98668832531163
77.72255529228926	64.9064650313862
78.85305589121582	64.82451937639493
80.00000000000082	64.74014210116255
81.16362679500274	64.65535870160811
82.34417893148023	64.56838724758333
83.541902594194	64.47931214343593
84.75704754874454	64.38806319587091
85.98986719365665	64.2941878950235
87.24061861322157	64.1986119211591
88.50956263110764	64.1001286622224
89.79696386475084	63.999240197693496
91.10309078053635	63.89564190340378
92.42821574978288	63.790558388358114
93.77261510554118	63.68352474680137
95.13656920021877	63.57477817693727
96.52036246404286	63.46478152502571
97.92428346437356	63.35297845097426
99.34862496587989	63.24165961542299
100.79368399159105	63.128391021641136
102.25976188483567	63.01361657956445
103.74716437208203	62.89708736107984
105.25620162669229	62.77905188904426
106.78718833360406	62.659476663607954
108.34044375495276	62.53937453319169
109.9162917966485	62.42050453978815
111.51506107592134	62.29996634130278
113.13708498984903	62.1781778767261
114.78270178488147	62.054681774549515
116.45225462737648	61.93069732652335
118.14609167516147	61.805404474199555
119.86456615013608	61.67910728315367
121.60803641193078	61.551914977593924
123.3768660326369	61.42320220338093
125.17142387262359	61.29401170236824
126.99208415745765	61.16295408535567
128.83922655594208	61.032643433938695
130.71323625928977	60.900739772785045
132.61450406144883	60.76725970445988
134.5434264405962	60.632099712565456
136.50040564181674	60.49571496131321
138.48584976098482	60.35864124895598
140.50017282986593	60.21997191762079
142.5437949024563	60.081192197692566
144.61714214257822	59.94082710658428
146.7206469127495	59.799346797066214
148.8547478643456	59.65656433161933
151.01989002907314	59.5203657039804
153.216524911774	59.39034585034395
155.4451105845792	59.26924256904697
157.70611178243232	59.1771275272745
160.00000000000236	59.08572833965378
162.3272535900062	58.99687541586465
164.6883578629612	58.91021052894972
167.08380518838874	58.826686105621704
169.51409509748981	58.74745328876733
171.97973438731407	58.66371133864776
174.4812372264439	58.57250148192854
177.01912526221608	58.49193864825534
179.5939277295025	58.43901672016938
182.20618156107355	58.394951512358006
184.85643149956664	58.361707624557845
187.54523021108326	58.336843159710746
190.27313840043846	58.318999665463515
193.04072492808663	58.306934784308886
195.84856692874806	58.29933793727944
198.69724993176072	58.294953994933095
201.58736798318304	58.292664202226135
204.5195237696723	58.29152426449451
207.49432874416505	58.290769346261385
210.5124032533856	58.289798901459406
213.57437666720915	58.28815268534105
216.68088750990657	58.285485666941575
219.83258359329807	58.28154589319677
223.03012215184378	58.27615665465702
226.2741699796992	58.26920275966571
229.5654035697641	58.2606200972866
232.90450925475412	58.25486338299544
236.2921833503241	58.24788964592379
239.72913230027333	58.25026489878746
243.21607282386276	58.25722831489589
246.75373206527502	58.254732504286466
250.34284774524843	58.237047572891065
253.9841683149166	58.219243228387604
257.67845311188546	58.210235888803496
261.42647251858085	58.20050223463557
265.22900812289896	58.19384829832508
269.08685288119375	58.18761210577555
273.0008112836349	58.180840914235425
276.97169952197106	58.17367979170657
281.00034565973334	58.16502223698174
285.0875898049141	58.152392722045036
289.23428428515797	58.1396873410156
293.44129382550057	58.14208528346101
297.7094957286928	58.14474986621078
302.0397800581479	58.13741510800785
306.4330498235497	58.125912158626086
310.89022116916016	58.116654122605546
315.41222356486645	58.11037389845314
320.00000000000654	58.10404297580444
324.6545071800142	58.0980643405806
329.3767157259242	58.09202324675668
334.16761037677935	58.089663811677454
339.02819019498156	58.08799518032676
343.95946877463007	58.083278529277955
348.9624744528898	58.076879395671526
354.03825052443415	58.071445318250206
359.187855459007	58.06747089441232
364.4123631221491	58.06498968251407
369.71286299913527	58.06481308807241
375.0904604221685	58.066886196619
380.54627680087896	58.06912801273217
386.08144985617537	58.073608450741865
391.6971338574982	58.08278852900567
397.3944998635236	58.09691387132434
403.1747359663683	58.11447015702405
409.0390475393468	58.13501499787682
414.9886574883323	58.15906815491211
421.0248065067734	58.18681221106697
427.1487533344206	58.21762041666833
433.3617750198154	58.24896125969686
439.6651671865984	58.281539129248124
446.06024430368984	58.31575024599716
452.54833995940066	58.35106636592103
459.13080713953053	58.387527969466504
465.8090185095106	58.42425087888087
472.58436670065066	58.46165068586564
479.45826460054917	58.499886886775904
486.432145647728	58.538497037729734
493.50746413055253	58.57953582944582
500.6856954904994	58.62244352050853
507.9683366298358	58.66960368682262
515.3569062237735	58.727363654690386
522.8529450371643	58.785281417977664
530.4580162458005	58.83951222140939
538.1737057623901	58.89386840551555
546.0016225672724	58.94909028208513
553.9433990439449	59.00473867554865
562.0006913194694	59.05988940278269
570.1751796098309	59.114419344322116
578.4685685703187	59.1686748307266
586.8825876510039	59.22093953820466
595.4189914573883	59.273427447446075
604.0795601162986	59.32594587987319
612.8660996471021	59.37871807137086
621.780442338323	59.432372365219024
630.8244471297356	59.4867176848638
640.0000000000159	59.53921734858337
649.3090143600314	59.58791886038771
658.7534314518515	59.637213195389805
668.3352207535618	59.69005613466591
678.0563803899662	59.74335312815933
687.9189375492632	59.79684281275285
697.9249489057827	59.85076677260248
708.0765010488715	59.90439427056754
718.3757109180171	59.95779929425228
728.8247262443015	60.0116813655716
739.425725998274	60.065858516863756
750.1809208443404	60.12066493288593
761.0925536017613	60.17686428394569
772.1628997123541	60.233789521583155
783.3942677149998	60.29108161803082
794.7889997270506	60.3489621976719
806.34947193274	60.40887529692339
818.0780950786972	60.471412380149026
829.9773149766683	60.53489017180418
842.0496130135506	60.59968270647162
854.2975066688449	60.66540457108827
866.7235500396347	60.73241520111535
879.3303343732008	60.80045074441242
892.1204886073838	60.86965037184028
905.0966799188055	60.93997223928166
918.2616142790653	61.01172471395086
931.6180370190256	61.08547444607992
945.1687334013056	61.16001636420324
958.9165292011028	61.22860656271903
972.8642912954606	61.298040467682334
987.0149282611097	61.371204840533586
1001.3713909810035	61.44614140935314
1015.9366732596762	61.524728789353546
1030.7138124475518	61.607267815463274
1045.7058900743334	61.68999699596138
1060.916032491606	61.77123979115916
1076.3474115247852	61.852980102736105
1092.0032451345498	61.933816919487136
1107.8867980878947	62.01482166153428
1124.0013826389438	62.09428576255558
1140.350359219667	62.17284335205695
1156.9371371406426	62.25212258164387
1173.765175302013	62.33261881107186
1190.837982914782	62.41264371268129
1208.1591202326028	62.48982407857379
1225.73219929421	62.56665561608221
1243.5608846766518	62.6467335118669
1261.648894259477	62.72737755993158
1280.0000000000375	62.80751786916528
1298.6180287200684	62.88734211853847
1317.5068629037087	62.96904558927322
1336.6704415071292	63.056039681981304
1356.112760779938	63.14389954765893
1375.8378750985323	63.23789827127746
1395.8498978115715	63.333682620241134
1416.153002097749	63.43235349316944
1436.7514218360407	63.533879111618916
1457.6494524886093	63.64077536346691
1478.8514519965543	63.754176909234175
1500.3618416886875	63.87077328319495
1522.1851072035295	63.9893879458355
1544.3257994247153	64.11151520022516
1566.788535430007	64.23746952776673
1589.5779994541087	64.36664507304914
1612.6989438654878	64.49600040183981
1636.156190157402	64.62605243202583
1659.9546299533442	64.75989436115395
1684.099226027109	64.89905413296871
1708.5950133376978	65.0391572622117
1733.4471000792773	65.16796850653678
1758.6606687464096	65.2977573141016
1784.2409772147755	65.43238045076951
1810.193359837619	65.56909826147123
1836.5232285581387	65.70321827168917
1863.2360740380593	65.83469255533495
1890.3374668026197	65.96498286955539
1917.833058402214	66.08815175766296
1945.7285825909298	66.21279498809344
1974.0298565222283	66.34853604472349
2002.7427819620161	66.48707480599204
2031.8733465193618	66.6336040914898
2061.4276248951132	66.78584117199117
2091.411780148677	66.94016428778689
2121.832064983222	67.0961297327957
2152.694823049581	67.25522316843562
2184.0064902691106	67.41328718266112
2215.7735961758003	67.5753463238601
2248.002765277899	67.74288288090605
2280.7007184393456	67.91483480453132
2313.874274281297	68.09103472857572
2347.530350604038	68.27139758721896
2381.6759658295764	68.45674405902024
2416.318240465218	68.64857486817026
2451.4643985884327	68.84413291307668
2487.1217693533167	69.03579375556792
2523.2977885189675	69.2308250562454
2560.0000000000887	69.42629238807308
2597.236057440151	69.6238125515696
2635.0137258074315	69.81717912842609
2673.340883014273	70.00461472352094
2712.225521559891	70.1819093642459
2751.6757501970797	70.29992177033769
2791.699795623158	70.41974264622728
2832.3060041955137	70.51536875001298
2873.502843672097	70.60957941817325
2915.2989049772345	70.67526447348578
2957.7029039931244	70.72362947417311
3000.723683377391	70.74988120004348
3044.370214407075	70.73227994508524
3088.6515988494466	70.71038302622024
3133.57707086003	70.62722719495541
3179.1559989082334	70.54300568240163
3225.3978877309914	70.43238671764209
3272.3123803148205	70.31331225476544
3319.9092599067053	70.16788033133622
3368.198452054235	69.99669163590289
3417.190026675413	69.81712323183652
3466.8942001585724	69.61678967333974
3517.3213374928373	69.41289684689784
3568.4819544295697	69.18998760116128
3620.386719675257	68.96245370677588
3673.0464571162966	68.73116697185355
3726.472148076138	68.49589745592077
3780.6749336052594	68.25819570814548
3835.6661168044484	68.01886346648018
3891.45716518188	67.77870004934991
3948.059713044477	67.55713750973425
4005.4855639240527	67.33168021333437
4063.746693038744	67.13849394507088
4122.855249790247	66.9481664788495
4182.823560297375	66.76782566921364
4243.664129966465	66.59418933386223
4305.389646099183	66.43111132598229
4368.012980538242	66.2971696048164
4431.5471923516225	66.16191438151763
4496.00553055582	66.06987518571673
4561.401436878714	65.97613981629583
4627.748548562617	65.905421016262
4695.060701208099	65.84184959974746
4763.351931659176	65.78085623341076
4832.63648093046	65.72303472184561
4902.928797176889	65.66755629117824
4974.243538706657	65.62526662555403
5046.595577037959	65.58228444421057
5120.000000000202	65.55194657363197
5194.472114880326	65.52241134923892
5270.027451614888	65.49148931656885
5346.6817660285715	65.45965573284558
5424.451043119808	65.42785489574682
5503.351500394186	65.39639108832213
5583.399591246343	65.36463090113494
5664.612008391055	65.33136533297471
5747.005687344222	65.2980313500021
5830.597809954497	65.26547464358767
5915.405807986278	65.23317537652149
6001.447366754812	65.20153189271574
6088.740428814181	65.17056151035351
6177.303197698925	65.13951963804855
6267.154141720092	65.10776333469067
6358.3119978165005	65.07642842795988
6450.795775462017	65.1068759983168
6544.624760629676	65.14010447732677
6639.818519813445	65.20465059666036
6736.396904108505	65.28398699961133
6834.380053350861	65.38614488528393
6933.788400317181	65.51886390999995
7034.642674985712	65.66086186061423
7136.963908859177	65.8408487514689
7240.773439350552	66.02493011149512
7346.092914232631	66.21356010305699
7452.944296152315	66.40657042875158
7561.349867210557	66.57403308207597
7671.332233608935	66.7250895196155
7782.914330363799	66.82391904046332
7896.119426088994	66.80509953408692
8010.971127848146	66.77950705443153
8127.49338607753	66.56610487111689
8245.710499580537	66.33452628957063
8365.647120594791	65.8947866327426
8487.328259932974	65.41396731989708
8610.77929219841	64.90818617029828
8736.025961076528	64.40579683281139
8863.094384703289	63.931637142041424
8992.011061111683	63.54060777669089
9122.802873757471	63.188787810199024
9255.497097125279	62.96031642450461
9390.121402416245	62.73698056982463
9526.7038633184	62.6049947586634
9665.272961860968	62.472105666139186
9805.857594353829	62.372767864354024
9948.487077413367	62.28173775203658
10093.19115407597	62.19946539970719
10240.000000000457	62.12535451593337
10388.944229760706	62.05261078394669
10540.05490322983	61.98531561832772
10693.363532057198	61.917377546271084
10848.902086239672	61.857502971569204
11006.703000788428	61.79728093689135
11166.799182492743	61.738357320045544
11329.224016782166	61.679661595671234
11494.0113746885	61.61658567803436
11661.195619909053	61.54752440692647
11830.811615972614	61.48000741162326
12002.894733509682	61.425591861884165
12177.48085762842	61.37140929545495
12354.606395397908	61.31840976502184
12534.308283440243	61.266691339930304
12716.62399563306	61.21863225271289
12901.591550924093	61.17448191729273
13089.249521259411	61.134690192234515
13279.637039626952	61.10129357924893
13472.793808217073	61.07272819108869
13668.760106701786	61.04893664083579
13867.576800634426	61.0299976539843
14069.285349971487	61.01809718988258
14273.927817718419	61.00836395645962
14481.54687870117	60.99251013978312
14692.18582846533	60.96462688671555
14905.888592304698	60.92163734277305
15122.699734421185	60.85765124069431
15342.664467217943	60.77313833781905
15565.828660727671	60.67218956075443
15792.238852178061	60.55927430130492
16021.942255696367	60.44000209593888
16254.986772155136	60.321074946986364
16491.42099916115	60.20765524939384
16731.294241189662	60.10197812810821
16974.65651986603	60.00408133438278
17221.558584396902	59.915585508893805
17472.051922153143	59.831644365279146
17726.188769406665	59.750800910220825
17984.022122223458	59.670095225754146
18245.605747515034	59.59086556783055
18510.99419425065	59.51018532258016
18780.242804832582	59.422330719518136
19053.40772663689	59.32273641239566
19330.545923722028	59.19561179618758
19611.71518870775	59.03102430438935
19896.974154826825	58.81135409658485
20186.382308152035	58.58953967611694