20	67.6090678850305
20.290906698750476	67.60895795289494
20.586044732869844	67.60884475739965
20.885475648548283	67.60873793909694
21.189261887185914	67.60868159523227
21.49746679841394	67.60862261064642
21.810154653305165	67.61382206846736
22.12739065777668	67.61984278770552
22.449240966187475	67.63013277378732
22.77577269513385	67.64339679074143
23.107053937445478	67.6559423575901
23.44315377638505	67.66672871831135
23.784142300054445	67.67801310857388
24.130090616010463	67.6971676073091
24.481070866093134	67.71659832419977
24.837156241469714	67.7284694187862
25.1984209978975	67.73808727018005
25.56494047120865	67.7500202044492
25.936791093020236	67.7644313335756
26.3140504066728	67.77794624884399
26.69679708340074	67.78746451815174
27.08511093873791	67.79711827352844
27.47907294916184	67.80660790125062
27.878765268980047	67.81621017191887
28.284271247461966	67.81946403402814
28.695675446220072	67.81930551658152
29.11306365684382	67.8191404441134
29.536522918790062	67.8189680788724
29.966141537533712	67.81843729466641
30.402009102982383	67.81463865708105
30.844216508158908	67.81078085587987
31.29285596815558	67.8020353626741
31.74802103936409	67.7920938770413
32.20980663898519	67.78282621283995
32.67830906482211	67.77411819322487
33.153626015361866	67.76408689071756
33.63585661014871	67.7505678485479
34.125101410453844	67.7368472937402
34.62146244024586	67.7316583187699
35.12504320746613	67.72650740160091
35.635948725613716	67.71203540159752
36.15428553564419	67.69352367540162
36.68016172818701	67.67499482280772
37.21368696608603	67.65653359927612
37.754972507267915	67.63788910181849
38.30413122794313	67.61947666147732
38.86127764614443	67.60078990504451
39.4265279456077	67.5770955582564
40.000000000000206	67.5523692827218
40.58181339750116	67.52560676426305
41.1720894657399	67.49731276923227
41.77095129709678	67.47003750787385
42.37852377437204	67.44544828863886
42.9949335968281	67.42018229554759
43.62030930661056	67.38723899318997
44.25478131555359	67.35380778664059
44.89848193237519	67.32162229976979
45.55154539026795	67.28950361975512
46.21410787489121	67.26089825586376
46.88630755277036	67.23613196574136
47.56828460010916	67.2094269342049
48.260181232021196	67.17627867011257
48.962141732186545	67.14263720486677
49.674312482939705	67.10391948071168
50.39684199579528	67.06427559492701
51.129880942417586	67.02487703200156
51.873582186040764	66.98534283714775
52.628100813345895	66.94659056297735
53.393594166801776	66.90957924528712
54.17022187747612	66.87201570990044
54.95814589832399	66.83389297484115
55.75753053796041	66.795200658265
56.56854249492426	66.75302170158082
57.39135089244048	66.70955750348497
58.226127313687975	66.66167857851784
59.073045837580466	66.6098429500762
59.932283075067765	66.5586093526203
60.804018205965114	66.51053001560729
61.68843301631817	66.46173202270228
62.58571193631152	66.41846836939482
63.49604207872855	66.37466401423772
64.41961327797075	66.33118921385336
65.35661812964459	66.28747638209846
66.3072520307241	66.24165790596865
67.27171322029778	66.19319271129407
68.25020282090806	66.14387366299115
69.2429248804921	66.0930972054399
70.25008641493265	66.0415553483811
71.27189745122783	65.99275923033451
72.30857107128878	65.94375113960183
73.36032345637442	65.8885328742783
74.42737393217246	65.82869609473713
75.50994501453623	65.77006505230818
76.60826245588666	65.7151743224658
77.72255529228926	65.65934004184956
78.85305589121582	65.5997268232947
80.00000000000082	65.53920891674112
81.16362679500274	65.47650121517141
82.34417893148023	65.41243322856954
83.541902594194	65.34779616018164
84.75704754874454	65.28261650420116
85.98986719365665	65.21734629536294
87.24061861322157	65.15466864483997
88.50956263110764	65.09103031908245
89.79696386475084	65.02604988568953
91.10309078053635	64.96004117156116
92.42821574978288	64.88971695638148
93.77261510554118	64.81649057490856
95.13656920021877	64.74211278889129
96.52036246404286	64.66654474970404
97.92428346437356	64.59024231349758
99.34862496587989	64.51714899466576
100.79368399159105	64.44292392460983
102.25976188483567	64.36456639212426
103.74716437208203	64.28429754359476
105.25620162669229	64.20285222924514
106.78718833360406	64.1202026232468
108.34044375495276	64.03601667178627
109.9162917966485	63.949779345769336
111.51506107592134	63.86220008186382
113.13708498984903	63.772403045611185
114.78270178488147	63.68118612071384
116.45225462737648	63.588858836048246
118.14609167516147	63.49522527527513
119.86456615013608	63.3978337032605
121.60803641193078	63.295735032555456
123.3768660326369	63.192837104575304
125.17142387262359	63.09315613518596
126.99208415745765	62.991912528678625
128.83922655594208	62.884525952766644
130.71323625928977	62.774737273308396
132.61450406144883	62.665226533986555
134.5434264405962	62.555423915033025
136.50040564181674	62.44568177491655
138.48584976098482	62.338261081372316
140.50017282986593	62.229217575223494
142.5437949024563	62.12053845986323
144.61714214257822	62.01015905009807
146.7206469127495	61.90959065146208
148.8547478643456	61.81130387960677
151.01989002907314	61.71683656437904
153.216524911774	61.62691842666734
155.4451105845792	61.53658005210038
157.70611178243232	61.44895129563034
160.00000000000236	61.359971214370255
162.3272535900062	61.281925371783
164.6883578629612	61.20382975488954
167.08380518838874	61.13440848674838
169.51409509748981	61.069592534772426
171.97973438731407	61.00750450858259
174.4812372264439	60.95110912685393
177.01912526221608	60.89496045906906
179.5939277295025	60.84943230998695
182.20618156107355	60.80337389969306
184.85643149956664	60.76160953531258
187.54523021108326	60.72063001596681
190.27313840043846	60.682988905290536
193.04072492808663	60.64844828752143
195.84856692874806	60.61692841737682
198.69724993176072	60.595031394475875
201.58736798318304	60.57329414477034
204.5195237696723	60.55333407976951
207.49432874416505	60.53373571692464
210.5124032533856	60.513938998153826
213.57437666720915	60.49432745034868
216.68088750990657	60.47688181126137
219.83258359329807	60.46240008347112
223.03012215184378	60.448671194770355
226.2741699796992	60.43596905662985
229.5654035697641	60.42412249506508
232.90450925475412	60.41240316739836
236.2921833503241	60.40151739166811
239.72913230027333	60.39322316093668
243.21607282386276	60.387160513945034
246.75373206527502	60.381947526448286
250.34284774524843	60.37722818500632
253.9841683149166	60.373637169467955
257.67845311188546	60.36916780683917
261.42647251858085	60.36586947766008
265.22900812289896	60.36759231768639
269.08685288119375	60.37184542422053
273.0008112836349	60.37235368725866
276.97169952197106	60.36831981279086
281.00034565973334	60.36516379614283
285.0875898049141	60.36244024628224
289.23428428515797	60.360605608637954
293.44129382550057	60.35356042674935
297.7094957286928	60.346591054333466
302.0397800581479	60.34375068073927
306.4330498235497	60.34346998519447
310.89022116916016	60.34338828345204
315.41222356486645	60.343194439583115
320.00000000000654	60.34365825843363
324.6545071800142	60.35126074399846
329.3767157259242	60.35855480559919
334.16761037677935	60.36854061228638
339.02819019498156	60.37852082572864
343.95946877463007	60.3831841332294
348.9624744528898	60.38251043502307
354.03825052443415	60.38338913628803
359.187855459007	60.39270498723931
364.4123631221491	60.399920933889824
369.71286299913527	60.409739667203944
375.0904604221685	60.417487089712154
380.54627680087896	60.4156001556121
386.08144985617537	60.40812178601699
391.6971338574982	60.40361775955066
397.3944998635236	60.404607250143535
403.1747359663683	60.404112767017885
409.0390475393468	60.40239356213067
414.9886574883323	60.399710795101896
421.0248065067734	60.39630739290377
427.1487533344206	60.392405760659685
433.3617750198154	60.39512682897317
439.6651671865984	60.40289383486275
446.06024430368984	60.40746636584705
452.54833995940066	60.404385451586094
459.13080713953053	60.40156374149352
465.8090185095106	60.40246216700683
472.58436670065066	60.40368509388584
479.45826460054917	60.407817394698164
486.432145647728	60.413234634252476
493.50746413055253	60.415027143809425
500.6856954904994	60.412531464116185
507.9683366298358	60.41078183284643
515.3569062237735	60.41127850218558
522.8529450371643	60.412092814849466
530.4580162458005	60.4153329888762
538.1737057623901	60.419117115586246
546.0016225672724	60.415538988257666
553.9433990439449	60.40769304871756
562.0006913194694	60.4060374265088
570.1751796098309	60.41564491935248
578.4685685703187	60.42515602732536
586.8825876510039	60.429208268991005
595.4189914573883	60.43356429949836
604.0795601162986	60.42564521064895
612.8660996471021	60.41467927280946
621.780442338323	60.4127520644111
630.8244471297356	60.41929733433278
640.0000000000159	60.42671178925049
649.3090143600314	60.43615748883663
658.7534314518515	60.445962721570886
668.3352207535618	60.43847256989017
678.0563803899662	60.4304660514171
687.9189375492632	60.428577064692256
697.9249489057827	60.42960944356915
708.0765010488715	60.43186673905559
718.3757109180171	60.43581327950983
728.8247262443015	60.44079200674777
739.425725998274	60.45123589326532
750.1809208443404	60.462002335658454
761.0925536017613	60.45854499813357
772.1628997123541	60.45271115480012
783.3942677149998	60.448539871261495
794.7889997270506	60.445637117741626
806.34947193274	60.447221682911895
818.0780950786972	60.459312230453754
829.9773149766683	60.47142450593034
842.0496130135506	60.4695494631344
854.2975066688449	60.467807021823496
866.7235500396347	60.46016661326854
879.3303343732008	60.45048402696321
892.1204886073838	60.44443678003176
905.0966799188055	60.442646332482866
918.2616142790653	60.442411397523685
931.6180370190256	60.448477045431545
945.1687334013056	60.4548017317997
958.9165292011028	60.480028570773335
972.8642912954606	60.50762818201419
987.0149282611097	60.543694282607376
1001.3713909810035	60.58502150550084
1015.9366732596762	60.62956105556301
1030.7138124475518	60.679458759836585
1045.7058900743334	60.73055809336975
1060.916032491606	60.7897927881472
1076.3474115247852	60.84948739512852
1092.0032451345498	60.909140076374044
1107.8867980878947	60.96885301109343
1124.0013826389438	61.03454070735573
1140.350359219667	61.1056766056525
1156.9371371406426	61.177587441455586
1173.765175302013	61.252163057483365
1190.837982914782	61.32642159334753
1208.1591202326028	61.40968598775631
1225.73219929421	61.49307634211289
1243.5608846766518	61.57941275854104
1261.648894259477	61.667179525156605
1280.0000000000375	61.75885483338446
1298.6180287200684	61.856314127941744
1317.5068629037087	61.954998392521176
1336.6704415071292	62.05793349531139
1356.112760779938	62.16203543717923
1375.8378750985323	62.26747457266008
1395.8498978115715	62.37442096245347
1416.153002097749	62.48085706390481
1436.7514218360407	62.58744768859593
1457.6494524886093	62.69689155500882
1478.8514519965543	62.8106715034109
1500.3618416886875	62.92661827286942
1522.1851072035295	63.05129637727501
1544.3257994247153	63.17816448649543
1566.788535430007	63.3076031769242
1589.5779994541087	63.43941377106265
1612.6989438654878	63.57082970250066
1636.156190157402	63.7014647164441
1659.9546299533442	63.83301233617541
1684.099226027109	63.96122697170938
1708.5950133376978	64.0915965788628
1733.4471000792773	64.22232403651009
1758.6606687464096	64.35503672025693
1784.2409772147755	64.48554329157201
1810.193359837619	64.61566685188913
1836.5232285581387	64.74846954495385
1863.2360740380593	64.88443472220801
1890.3374668026197	65.02157148623075
1917.833058402214	65.15003745378618
1945.7285825909298	65.28051806357782
1974.0298565222283	65.40275707912397
2002.7427819620161	65.52440921099198
2031.8733465193618	65.64453659355686
2061.4276248951132	65.76345729617734
2091.411780148677	65.88441214507267
2121.832064983222	66.00783742333462
2152.694823049581	66.13314049408274
2184.0064902691106	66.25162162291677
2215.7735961758003	66.3716632729526
2248.002765277899	66.49576467316767
2280.7007184393456	66.62271660972931
2313.874274281297	66.74679143198269
2347.530350604038	66.86606150819853
2381.6759658295764	66.98689093599562
2416.318240465218	67.10816785815547
2451.4643985884327	67.23124931049897
2487.1217693533167	67.35160939100474
2523.2977885189675	67.47303895128013
2560.0000000000887	67.59109272262506
2597.236057440151	67.70723473507103
2635.0137258074315	67.82353082355155
2673.340883014273	67.93804313656491
2712.225521559891	68.053845934358
2751.6757501970797	68.15951449581387
2791.699795623158	68.26674071431069
2832.3060041955137	68.35292499684917
2873.502843672097	68.43300470429618
2915.2989049772345	68.49926071938005
2957.7029039931244	68.54998658706265
3000.723683377391	68.59849411844613
3044.370214407075	68.63577471952203
3088.6515988494466	68.67361014248199
3133.57707086003	68.70309595864265
3179.1559989082334	68.73226869615027
3225.3978877309914	68.75661393536058
3272.3123803148205	68.77840424289032
3319.9092599067053	68.79717964640878
3368.198452054235	68.8104357994908
3417.190026675413	68.82267950263847
3466.8942001585724	68.82265318866489
3517.3213374928373	68.82263330059864
3568.4819544295697	68.81385014863545
3620.386719675257	68.80289321826315
3673.0464571162966	68.78302437938342
3726.472148076138	68.75516059996716
3780.6749336052594	68.72438062205659
3835.6661168044484	68.68577779214428
3891.45716518188	68.64661777695387
3948.059713044477	68.59287492388707
4005.4855639240527	68.53803047103844
4063.746693038744	68.47526415348783
4122.855249790247	68.40850402744898
4182.823560297375	68.33413868892838
4243.664129966465	68.24951371400257
4305.389646099183	68.16012882663992
4368.012980538242	68.04815098096155
4431.5471923516225	67.93454681591801
4496.00553055582	67.81317752051164
4561.401436878714	67.68908207797236
4627.748548562617	67.56136474468367
4695.060701208099	67.43049946858727
4763.351931659176	67.29979881281128
4832.63648093046	67.17187511862703
4902.928797176889	67.04165272549116
4974.243538706657	66.89501215512418
5046.595577037959	66.74624005253756
5120.000000000202	66.59267540257655
5194.472114880326	66.43600047352042
5270.027451614888	66.27666024089937
5346.6817660285715	66.11456771955392
5424.451043119808	65.95208403227937
5503.351500394186	65.79546290771465
5583.399591246343	65.63656460143767
5664.612008391055	65.47903619918942
5747.005687344222	65.31955960439632
5830.597809954497	65.17255681690364
5915.405807986278	65.03191002655461
6001.447366754812	64.90374336964578
6088.740428814181	64.79989683668389
6177.303197698925	64.69835640631362
6267.154141720092	64.6394446363567
6358.3119978165005	64.57967652309708
6450.795775462017	64.55719734342777
6544.624760629676	64.54387728740389
6639.818519813445	64.54943228489448
6736.396904108505	64.57250573592026
6834.380053350861	64.60427194486378
6933.788400317181	64.66224602766445
7034.642674985712	64.72106373135834
7136.963908859177	64.85108427083968
7240.773439350552	64.98527911225274
7346.092914232631	65.17564484747876
7452.944296152315	65.39314214615207
7561.349867210557	65.60884469477895
7671.332233608935	65.82063288237525
7782.914330363799	66.00393612857245
7896.119426088994	65.99074661061957
8010.971127848146	65.97736547057049
8127.49338607753	65.5401263770886
8245.710499580537	64.9943179827914
8365.647120594791	64.41386116448383
8487.328259932974	63.93092117005919
8610.77929219841	63.58672351724075
8736.025961076528	63.284273514780885
8863.094384703289	62.99849716220438
8992.011061111683	62.726753745844576
9122.802873757471	62.473467637843974
9255.497097125279	62.256094952749
9390.121402416245	62.03797644974509
9526.7038633184	61.843125203388475
9665.272961860968	61.64543989222212
9805.857594353829	61.47524273074024
9948.487077413367	61.30995139682471
10093.19115407597	61.15269828382475
10240.000000000457	61.002597933233865
10388.944229760706	60.85481247403895
10540.05490322983	60.71857863162449
10693.363532057198	60.58036330035685
10848.902086239672	60.453863849823016
11006.703000788428	60.325951228211125
11166.799182492743	60.20323584145804
11329.224016782166	60.081904751129024
11494.0113746885	59.96540742997731
11661.195619909053	59.856651364650716
11830.811615972614	59.74679839822243
12002.894733509682	59.63847864267548
12177.48085762842	59.528583389892304
12354.606395397908	59.43046727968913
12534.308283440243	59.33317928049464
12716.62399563306	59.23702227161099
12901.591550924093	59.141336282815125
13089.249521259411	59.04735896301393
13279.637039626952	58.95929846122197
13472.793808217073	58.8699164548909
13668.760106701786	58.77740064340419
13867.576800634426	58.68353919104015
14069.285349971487	58.57901356310521
14273.927817718419	58.46973793413545
14481.54687870117	58.35163815395509
14692.18582846533	58.22344554521514
14905.888592304698	58.08971558958025
15122.699734421185	57.937942302918586
15342.664467217943	57.78396144682207
15565.828660727671	57.6050733153049
15792.238852178061	57.421279483090935
16021.942255696367	57.22655261832908
16254.986772155136	57.02410107221079
16491.42099916115	56.81811200929207
16731.294241189662	56.60802259835991
16974.65651986603	56.39649896565919
17221.558584396902	56.20288571432599
17472.051922153143	56.00645630999827
17726.188769406665	55.8360922348506
17984.022122223458	55.670831020637046
18245.605747515034	55.52199994884389
18510.99419425065	55.388873514906656
18780.242804832582	55.260852228325696
19053.40772663689	55.153864375282
19330.545923722028	55.09718219742602
19611.71518870775	55.09718204627475
19896.974154826825	55.097181905436685
20186.382308152035	55.09718177477644