20	62.99839557532864
20.290906698750476	63.01607760502378
20.586044732869844	63.03304033211782
20.885475648548283	63.04119990941941
21.189261887185914	63.023980347114616
21.49746679841394	63.011146381647876
21.810154653305165	63.0063386356396
22.12739065777668	63.00776584504551
22.449240966187475	63.01440826727535
22.77577269513385	63.02588676773004
23.107053937445478	63.04419978276049
23.44315377638505	63.06930208184019
23.784142300054445	63.095252458014805
24.130090616010463	63.121239995567855
24.481070866093134	63.14474389726331
24.837156241469714	63.16344450746333
25.1984209978975	63.17721650355463
25.56494047120865	63.188957652079296
25.936791093020236	63.19814798634677
26.3140504066728	63.202898647079905
26.69679708340074	63.20504111223881
27.08511093873791	63.20393100204815
27.47907294916184	63.20057167219801
27.878765268980047	63.196277963979874
28.284271247461966	63.1901932595232
28.695675446220072	63.18362729643188
29.11306365684382	63.17833781821552
29.536522918790062	63.1746074298244
29.966141537533712	63.17075820064298
30.402009102982383	63.16736381672113
30.844216508158908	63.163201284741454
31.29285596815558	63.156145268402845
31.74802103936409	63.14769922574963
32.20980663898519	63.13901211373361
32.67830906482211	63.1301042091142
33.153626015361866	63.12021817208425
33.63585661014871	63.10887262357397
34.125101410453844	63.09707122942794
34.62146244024586	63.085105089674414
35.12504320746613	63.07305606359711
35.635948725613716	63.06207098742356
36.15428553564419	63.05201014294104
36.68016172818701	63.043314357808285
37.21368696608603	63.036807701123486
37.754972507267915	63.03190161244981
38.30413122794313	63.026175236743995
38.86127764614443	63.02181948157337
39.4265279456077	63.02113021357812
40.000000000000206	63.00943741952521
40.58181339750116	62.976780355781635
41.1720894657399	62.929390304375644
41.77095129709678	62.880172076611885
42.37852377437204	62.836233334844
42.9949335968281	62.7957215033592
43.62030930661056	62.75976324812039
44.25478131555359	62.72670631838851
44.89848193237519	62.69698873893243
45.55154539026795	62.669826500430815
46.21410787489121	62.646636029824286
46.88630755277036	62.62873799871055
47.56828460010916	62.61133419459716
48.260181232021196	62.5888997964288
48.962141732186545	62.5662645937198
49.674312482939705	62.55154491760068
50.39684199579528	62.537690416555634
51.129880942417586	62.51796327467202
51.873582186040764	62.491463483395236
52.628100813345895	62.46264659757365
53.393594166801776	62.43543185019872
54.17022187747612	62.40201811331916
54.95814589832399	62.36010211949372
55.75753053796041	62.3094474493268
56.56854249492426	62.24990247154199
57.39135089244048	62.180963895864615
58.226127313687975	62.10630644567448
59.073045837580466	62.03440992409719
59.932283075067765	61.972500545421276
60.804018205965114	61.92391958360349
61.68843301631817	61.88788921105862
62.58571193631152	61.860388148119156
63.49604207872855	61.83037660265234
64.41961327797075	61.792686654027534
65.35661812964459	61.747635199333345
66.3072520307241	61.69775511530895
67.27171322029778	61.644397690956566
68.25020282090806	61.588598205996796
69.2429248804921	61.53562783053045
70.25008641493265	61.481975504443405
71.27189745122783	61.42450787101379
72.30857107128878	61.36459176949095
73.36032345637442	61.307000288933196
74.42737393217246	61.254532572689286
75.50994501453623	61.201573549553544
76.60826245588666	61.14606077115878
77.72255529228926	61.09046279090123
78.85305589121582	61.034055769079536
80.00000000000082	60.97752929675755
81.16362679500274	60.92289019530466
82.34417893148023	60.87010137779096
83.541902594194	60.81667650248551
84.75704754874454	60.761467777478316
85.98986719365665	60.7049323756645
87.24061861322157	60.650045509521604
88.50956263110764	60.59349851785002
89.79696386475084	60.53253814076971
91.10309078053635	60.46786102748917
92.42821574978288	60.40283088380323
93.77261510554118	60.33961129126601
95.13656920021877	60.274028913032986
96.52036246404286	60.202967248375614
97.92428346437356	60.129907577950156
99.34862496587989	60.057892651179934
100.79368399159105	59.98518061952497
102.25976188483567	59.91054415359053
103.74716437208203	59.83410995619293
105.25620162669229	59.75777925005683
106.78718833360406	59.685735000476754
108.34044375495276	59.61318643794136
109.9162917966485	59.53717080739539
111.51506107592134	59.46065909798252
113.13708498984903	59.38507564688472
114.78270178488147	59.3103219749921
116.45225462737648	59.23801393361706
118.14609167516147	59.1705910997955
119.86456615013608	59.10391907839645
121.60803641193078	59.03481892354388
123.3768660326369	58.966790505470925
125.17142387262359	58.90276690584249
126.99208415745765	58.84098810752207
128.83922655594208	58.78113722326911
130.71323625928977	58.72333447308322
132.61450406144883	58.667051116901646
134.5434264405962	58.613082150958164
136.50040564181674	58.56020861277523
138.48584976098482	58.50942912657704
140.50017282986593	58.45951295392362
142.5437949024563	58.41224615985724
144.61714214257822	58.36661267647668
146.7206469127495	58.32110861314374
148.8547478643456	58.275769648763834
151.01989002907314	58.22926663131701
153.216524911774	58.181193779664525
155.4451105845792	58.13115062457837
157.70611178243232	58.0834526474727
160.00000000000236	58.035461036161934
162.3272535900062	57.98603186554858
164.6883578629612	57.93597481852583
167.08380518838874	57.886550195975765
169.51409509748981	57.839620183198
171.97973438731407	57.795092232677334
174.4812372264439	57.757665386865526
177.01912526221608	57.72402634177699
179.5939277295025	57.69486319041791
182.20618156107355	57.669800320316114
184.85643149956664	57.648707035686364
187.54523021108326	57.6327169755614
190.27313840043846	57.620463143160535
193.04072492808663	57.613916376553895
195.84856692874806	57.61046302736014
198.69724993176072	57.61083953958896
201.58736798318304	57.61313226531435
204.5195237696723	57.61717069159378
207.49432874416505	57.62242515090907
210.5124032533856	57.62689492591854
213.57437666720915	57.632995257206844
216.68088750990657	57.63653972467812
219.83258359329807	57.63988837552847
223.03012215184378	57.64071015564769
226.2741699796992	57.63554742476528
229.5654035697641	57.625444127865606
232.90450925475412	57.61507130881402
236.2921833503241	57.60791278399727
239.72913230027333	57.59994114516741
243.21607282386276	57.59843595747823
246.75373206527502	57.59758029371052
250.34284774524843	57.59040520560705
253.9841683149166	57.581583026993215
257.67845311188546	57.57949831842941
261.42647251858085	57.585761244768335
265.22900812289896	57.59214848818007
269.08685288119375	57.59503291062613
273.0008112836349	57.59772313853499
276.97169952197106	57.59929091275706
281.00034565973334	57.59998369952774
285.0875898049141	57.6042251981804
289.23428428515797	57.61096400809511
293.44129382550057	57.61364596023343
297.7094957286928	57.60731312919187
302.0397800581479	57.60033199223653
306.4330498235497	57.609174372885185
310.89022116916016	57.617844224422235
315.41222356486645	57.61544783481771
320.00000000000654	57.60844353047641
324.6545071800142	57.60819525973144
329.3767157259242	57.61725934670854
334.16761037677935	57.6242259897478
339.02819019498156	57.617973453262586
343.95946877463007	57.61155758806923
348.9624744528898	57.618919762892354
354.03825052443415	57.628687966341445
359.187855459007	57.62907259962182
364.4123631221491	57.62213569583488
369.71286299913527	57.6195420093715
375.0904604221685	57.6285273329581
380.54627680087896	57.637431556584254
386.08144985617537	57.634489442362316
391.6971338574982	57.631147017356284
397.3944998635236	57.63635053148112
403.1747359663683	57.64490536634346
409.0390475393468	57.648130470464395
414.9886574883323	57.64402001690134
421.0248065067734	57.64108911132569
427.1487533344206	57.64939356722096
433.3617750198154	57.657049079972964
439.6651671865984	57.65191706946354
446.06024430368984	57.643698923206514
452.54833995940066	57.644970416223686
459.13080713953053	57.65353448242048
465.8090185095106	57.65633092399744
472.58436670065066	57.64524055295528
479.45826460054917	57.63304796981902
486.432145647728	57.63708514758744
493.50746413055253	57.6403891954078
500.6856954904994	57.64032244120638
507.9683366298358	57.638224917168344
515.3569062237735	57.63014668661405
522.8529450371643	57.613997367680255
530.4580162458005	57.599074813734
538.1737057623901	57.599980560523534
546.0016225672724	57.59962721974494
553.9433990439449	57.59591405218268
562.0006913194694	57.59041734456769
570.1751796098309	57.57612160307298
578.4685685703187	57.55444234158865
586.8825876510039	57.53319659512915
595.4189914573883	57.51594540046606
604.0795601162986	57.49717944152005
612.8660996471021	57.485543211411574
621.780442338323	57.472750730571875
630.8244471297356	57.452056614329784
640.0000000000159	57.427335554636926
649.3090143600314	57.39870899325101
658.7534314518515	57.365113087632835
668.3352207535618	57.33263795630318
678.0563803899662	57.31266107879317
687.9189375492632	57.292566665129904
697.9249489057827	57.257529629652375
708.0765010488715	57.219950957107955
718.3757109180171	57.19269554034343
728.8247262443015	57.174369312019714
739.425725998274	57.153208955439716
750.1809208443404	57.12186593762618
761.0925536017613	57.0927670705518
772.1628997123541	57.08113731135814
783.3942677149998	57.07286759886174
794.7889997270506	57.07226513685541
806.34947193274	57.07706818747361
818.0780950786972	57.080005290698246
829.9773149766683	57.07854413656406
842.0496130135506	57.08099669753841
854.2975066688449	57.09197417654295
866.7235500396347	57.10564466652607
879.3303343732008	57.12295076898334
892.1204886073838	57.14269057167645
905.0966799188055	57.16786975259765
918.2616142790653	57.19775476388311
931.6180370190256	57.229512883276165
945.1687334013056	57.26307619468257
958.9165292011028	57.29835555358873
972.8642912954606	57.335185409412986
987.0149282611097	57.37326597534816
1001.3713909810035	57.42715299113761
1015.9366732596762	57.487954869414175
1030.7138124475518	57.55538612473729
1045.7058900743334	57.63169213611715
1060.916032491606	57.70771230996511
1076.3474115247852	57.79411574650883
1092.0032451345498	57.87673224798575
1107.8867980878947	57.97270870987716
1124.0013826389438	58.067706584701675
1140.350359219667	58.163156063205285
1156.9371371406426	58.25860769701461
1173.765175302013	58.354061949135335
1190.837982914782	58.455081619518296
1208.1591202326028	58.5554558246762
1225.73219929421	58.65528484345329
1243.5608846766518	58.75673934279374
1261.648894259477	58.85834457314223
1280.0000000000375	58.96248770477722
1298.6180287200684	59.06885077248326
1317.5068629037087	59.1772688870729
1336.6704415071292	59.28946706534385
1356.112760779938	59.39970036110754
1375.8378750985323	59.51488108899284
1395.8498978115715	59.629797039526075
1416.153002097749	59.74830555929078
1436.7514218360407	59.86604583686435
1457.6494524886093	59.98392649228491
1478.8514519965543	60.10537588594884
1500.3618416886875	60.23069854012621
1522.1851072035295	60.358268913765656
1544.3257994247153	60.483506358280366
1566.788535430007	60.61045402473023
1589.5779994541087	60.73916933037219
1612.6989438654878	60.8692680345172
1636.156190157402	61.00224814395569
1659.9546299533442	61.13831121287079
1684.099226027109	61.2758655302831
1708.5950133376978	61.41714278755668
1733.4471000792773	61.559035844325
1758.6606687464096	61.705532974666035
1784.2409772147755	61.852907977028316
1810.193359837619	62.00245882739196
1836.5232285581387	62.153374744775235
1863.2360740380593	62.30649840696729
1890.3374668026197	62.463944469548096
1917.833058402214	62.62109281938334
1945.7285825909298	62.77366462898489
1974.0298565222283	62.92604957743019
2002.7427819620161	63.07649374848922
2031.8733465193618	63.22628895636322
2061.4276248951132	63.37193309869272
2091.411780148677	63.51336062497681
2121.832064983222	63.65527954439415
2152.694823049581	63.798704489561544
2184.0064902691106	63.942824966047866
2215.7735961758003	64.08335800231056
2248.002765277899	64.2247141787894
2280.7007184393456	64.36588132523777
2313.874274281297	64.50781447804371
2347.530350604038	64.65375807081263
2381.6759658295764	64.80544743147168
2416.318240465218	64.95959610872322
2451.4643985884327	65.11879794597523
2487.1217693533167	65.28016871031872
2523.2977885189675	65.44484915392768
2560.0000000000887	65.61148943917159
2597.236057440151	65.77679770607367
2635.0137258074315	65.94030834516944
2673.340883014273	66.09990290001382
2712.225521559891	66.24788329890089
2751.6757501970797	66.39261586358234
2791.699795623158	66.516624019128
2832.3060041955137	66.63412891040812
2873.502843672097	66.71925827829028
2915.2989049772345	66.78569542897773
2957.7029039931244	66.83260612100906
3000.723683377391	66.85619692974669
3044.370214407075	66.86985863684285
3088.6515988494466	66.83682691330827
3133.57707086003	66.80643328207437
3179.1559989082334	66.72898660642153
3225.3978877309914	66.64855593925724
3272.3123803148205	66.52797648097244
3319.9092599067053	66.3770215628652
3368.198452054235	66.2131966708337
3417.190026675413	66.00348731501005
3466.8942001585724	65.79704061056444
3517.3213374928373	65.55045326628874
3568.4819544295697	65.30373410613603
3620.386719675257	65.0465488898586
3673.0464571162966	64.78388271266044
3726.472148076138	64.51872480932462
3780.6749336052594	64.25008017620938
3835.6661168044484	63.980716725521795
3891.45716518188	63.71474935904386
3948.059713044477	63.447929781873746
4005.4855639240527	63.199696708862646
4063.746693038744	62.956157061924316
4122.855249790247	62.72035800076323
4182.823560297375	62.49252236252614
4243.664129966465	62.27362426754439
4305.389646099183	62.087317894746825
4368.012980538242	61.90235894331739
4431.5471923516225	61.7533454915025
4496.00553055582	61.6093291816267
4561.401436878714	61.495782876330914
4627.748548562617	61.401645713303836
4695.060701208099	61.318208699713274
4763.351931659176	61.25438206815293
4832.63648093046	61.1924044995642
4902.928797176889	61.14498974904541
4974.243538706657	61.09815887520772
5046.595577037959	61.05135963940199
5120.000000000202	61.0046567885343
5194.472114880326	60.956408411884695
5270.027451614888	60.906423209372186
5346.6817660285715	60.857092057052476
5424.451043119808	60.809260431144004
5503.351500394186	60.761821962324504
5583.399591246343	60.72076774922587
5664.612008391055	60.67985519741806
5747.005687344222	60.64475947654293
5830.597809954497	60.611470360583205
5915.405807986278	60.57779792913954
6001.447366754812	60.54827112377623
6088.740428814181	60.50852496473889
6177.303197698925	60.48107256304129
6267.154141720092	60.43943378366265
6358.3119978165005	60.40591723622016
6450.795775462017	60.36635393698445
6544.624760629676	60.32532904499339
6639.818519813445	60.28691517870311
6736.396904108505	60.24037698945208
6834.380053350861	60.212885794507486
6933.788400317181	60.16774631300778
7034.642674985712	60.15654791585882
7136.963908859177	60.12854262699415
7240.773439350552	60.11027652679972
7346.092914232631	60.08765525569528
7452.944296152315	60.0410150324604
7561.349867210557	59.991820148660565
7671.332233608935	59.95711495700098
7782.914330363799	59.86009386356037
7896.119426088994	59.87464335252729
8010.971127848146	59.79175474546129
8127.49338607753	59.82139881978894
8245.710499580537	59.77360911346224
8365.647120594791	59.708567914715395
8487.328259932974	59.61717562909316
8610.77929219841	59.541636860850986
8736.025961076528	59.476810847195885
8863.094384703289	59.377097828467186
8992.011061111683	59.23631104056113
9122.802873757471	59.00169806093827
9255.497097125279	58.72218094282399
9390.121402416245	58.484685246436975
9526.7038633184	58.330445956743105
9665.272961860968	58.110860177331105
9805.857594353829	57.87167063733991
9948.487077413367	57.612125800625925
10093.19115407597	57.36429324343135
10240.000000000457	57.14387219228997
10388.944229760706	56.89670097145799
10540.05490322983	56.680660705405046
10693.363532057198	56.46922474327758
10848.902086239672	56.156590735450806
11006.703000788428	55.84031635758894
11166.799182492743	55.462552642260746
11329.224016782166	55.05693506310011
11494.0113746885	54.703683179337595
11661.195619909053	54.38033922056887
11830.811615972614	54.16525304113476
12002.894733509682	54.03097082272322
12177.48085762842	53.967440094503516
12354.606395397908	54.07102520513824
12534.308283440243	54.18229515588085
12716.62399563306	54.45007688694828
12901.591550924093	54.725276797397086
13089.249521259411	55.00369117603104
13279.637039626952	55.28692286904713
13472.793808217073	55.525234359458814
13668.760106701786	55.70660082425781
13867.576800634426	55.86294031797581
14069.285349971487	55.888800319853964
14273.927817718419	55.91332542923405
14481.54687870117	55.82476951249829
14692.18582846533	55.7173914194641
14905.888592304698	55.587269895678055
15122.699734421185	55.438750348346126
15342.664467217943	55.305858555661544
15565.828660727671	55.21868026939837
15792.238852178061	55.12653972006776
16021.942255696367	55.152166041757155
16254.986772155136	55.1739753231898
16491.42099916115	55.26754714938217
16731.294241189662	55.389517978906326
16974.65651986603	55.53051617917555
17221.558584396902	55.69821306527141
17472.051922153143	55.875187744388626
17726.188769406665	56.04543153125555
17984.022122223458	56.248307363072946
18245.605747515034	56.38980321538941
18510.99419425065	56.558532713985734
18780.242804832582	56.61448407352763
19053.40772663689	56.51640205420614
19330.545923722028	56.34763939267764
19611.71518870775	56.25021312875901
19896.974154826825	56.161195567362185
20186.382308152035	55.924477397785125