20	67.52161330218863
20.290906698750476	67.52134863330166
20.586044732869844	67.52107708626659
20.885475648548283	67.5480564336018
21.189261887185914	67.58523268634286
21.49746679841394	67.61973917699625
21.810154653305165	67.65072652389568
22.12739065777668	67.6818169223725
22.449240966187475	67.71145920319967
22.77577269513385	67.74152925440971
23.107053937445478	67.76600879423572
23.44315377638505	67.78988155914983
23.784142300054445	67.80954548765358
24.130090616010463	67.8260660363916
24.481070866093134	67.8443385349668
24.837156241469714	67.86677312901038
25.1984209978975	67.88953035153786
25.56494047120865	67.90357148773215
25.936791093020236	67.9177226516648
26.3140504066728	67.93007114698683
26.69679708340074	67.941726185901
27.08511093873791	67.94949796771584
27.47907294916184	67.95146037278924
27.878765268980047	67.95440988964998
28.284271247461966	67.96472516860702
28.695675446220072	67.97518658696119
29.11306365684382	67.97662310370603
29.536522918790062	67.97612683227996
29.966141537533712	67.97561944670491
30.402009102982383	67.97510079760498
30.844216508158908	67.97457073949047
31.29285596815558	67.97402913119232
31.74802103936409	67.97347583631587
32.20980663898519	67.97291072371456
32.67830906482211	67.97233366798342
33.153626015361866	67.96858939995631
33.63585661014871	67.96315956417892
34.125101410453844	67.9563845645268
34.62146244024586	67.94734411169175
35.12504320746613	67.93884870034604
35.635948725613716	67.93819774106315
36.15428553564419	67.93753416721187
36.68016172818701	67.93215416984091
37.21368696608603	67.92541846930533
37.754972507267915	67.91276190056597
38.30413122794313	67.89398329368863
38.86127764614443	67.87774382663687
39.4265279456077	67.87220684610949
40.000000000000206	67.86658732025572
40.58181339750116	67.84791544519389
41.1720894657399	67.82775217738201
41.77095129709678	67.80992524728744
42.37852377437204	67.79343756604175
42.9949335968281	67.77648669518804
43.62030930661056	67.75883863430832
44.25478131555359	67.74061295617845
44.89848193237519	67.71463662237741
45.55154539026795	67.68828302276061
46.21410787489121	67.66397050734052
46.88630755277036	67.64011818901936
47.56828460010916	67.61462961247544
48.260181232021196	67.58724077301356
48.962141732186545	67.55940429283933
49.674312482939705	67.53090716867112
50.39684199579528	67.50199919303847
51.129880942417586	67.47034259612794
51.873582186040764	67.43790065566338
52.628100813345895	67.40630131646517
53.393594166801776	67.37518042825612
54.17022187747612	67.3439082308146
54.95814589832399	67.3128989381365
55.75753053796041	67.28145002605262
56.56854249492426	67.25055400795875
57.39135089244048	67.21921776012476
58.226127313687975	67.18560001754537
59.073045837580466	67.15075800976585
59.932283075067765	67.11488964216582
60.804018205965114	67.07777750484551
61.68843301631817	67.0399850829874
62.58571193631152	67.00062543344639
63.49604207872855	66.96070788279296
64.41961327797075	66.91529046963466
65.35661812964459	66.8682764997317
66.3072520307241	66.82077762710607
67.27171322029778	66.77275685456557
68.25020282090806	66.72354057465523
69.2429248804921	66.67212582953937
70.25008641493265	66.61998398321691
71.27189745122783	66.5641181663632
72.30857107128878	66.50735611485817
73.36032345637442	66.44701275760384
74.42737393217246	66.38446702655794
75.50994501453623	66.31999345792445
76.60826245588666	66.25292022014423
77.72255529228926	66.18488196056619
78.85305589121582	66.11571926399947
80.00000000000082	66.04557937602664
81.16362679500274	65.9734129380351
82.34417893148023	65.89996882780082
83.541902594194	65.82489076462716
84.75704754874454	65.74817588600904
85.98986719365665	65.67040904150578
87.24061861322157	65.59165602687033
88.50956263110764	65.51179172644245
89.79696386475084	65.42989827696665
91.10309078053635	65.3467787820081
92.42821574978288	65.26346437325512
93.77261510554118	65.17953592476802
95.13656920021877	65.09414421724107
96.52036246404286	65.00701563851828
97.92428346437356	64.91861993377263
99.34862496587989	64.82832315320307
100.79368399159105	64.7367514098812
102.25976188483567	64.64345140663555
103.74716437208203	64.54869759757176
105.25620162669229	64.45182968713114
106.78718833360406	64.35272099428865
108.34044375495276	64.2525890219974
109.9162917966485	64.15276235621383
111.51506107592134	64.05152230139505
113.13708498984903	63.949690580472705
114.78270178488147	63.84652020437892
116.45225462737648	63.74178634843572
118.14609167516147	63.63549868900533
119.86456615013608	63.52878730785307
121.60803641193078	63.42301392702785
123.3768660326369	63.31571653365132
125.17142387262359	63.205671234712135
126.99208415745765	63.09405947117823
128.83922655594208	62.986137759872726
130.71323625928977	62.87868589370285
132.61450406144883	62.76918157643209
134.5434264405962	62.657433066131865
136.50040564181674	62.545306708820874
138.48584976098482	62.43888292709984
140.50017282986593	62.33093845900001
142.5437949024563	62.21838834070746
144.61714214257822	62.10369325280092
146.7206469127495	61.99150046945884
148.8547478643456	61.88095894094609
151.01989002907314	61.76982603828859
153.216524911774	61.65980084338459
155.4451105845792	61.548193398410554
157.70611178243232	61.43977346784859
160.00000000000236	61.32989341070096
162.3272535900062	61.22258441157471
164.6883578629612	61.11562253046476
167.08380518838874	61.009949485120735
169.51409509748981	60.90708118044017
171.97973438731407	60.80409672081889
174.4812372264439	60.71127215425248
177.01912526221608	60.617101967007684
179.5939277295025	60.5241182705953
182.20618156107355	60.43036748807869
184.85643149956664	60.34063592160792
187.54523021108326	60.2545257856244
190.27313840043846	60.169490769410224
193.04072492808663	60.090953340074066
195.84856692874806	60.01126743965799
198.69724993176072	59.93628966045996
201.58736798318304	59.86057898175486
204.5195237696723	59.786952483441695
207.49432874416505	59.713972409994376
210.5124032533856	59.6407952477058
213.57437666720915	59.56811465280776
216.68088750990657	59.49541991930271
219.83258359329807	59.43619701512603
223.03012215184378	59.37609396081517
226.2741699796992	59.316657125526746
229.5654035697641	59.256784979708236
232.90450925475412	59.2010468555396
236.2921833503241	59.149827377041
239.72913230027333	59.100954901506555
243.21607282386276	59.064305690417186
246.75373206527502	59.02709597252167
250.34284774524843	58.99368267338975
253.9841683149166	58.960221134622515
257.67845311188546	58.932775324178216
261.42647251858085	58.90905628223567
265.22900812289896	58.886364745426455
269.08685288119375	58.86629435577038
273.0008112836349	58.846207755049114
276.97169952197106	58.835729960821155
281.00034565973334	58.82506180633032
285.0875898049141	58.80740642943977
289.23428428515797	58.78704338815293
293.44129382550057	58.771987545868186
297.7094957286928	58.76366497690123
302.0397800581479	58.75353885755409
306.4330498235497	58.73437831112975
310.89022116916016	58.71489174403011
315.41222356486645	58.699768247649
320.00000000000654	58.68510494143558
324.6545071800142	58.67113814350441
329.3767157259242	58.65763004656276
334.16761037677935	58.64230529882754
339.02819019498156	58.6227270284511
343.95946877463007	58.60280302519609
348.9624744528898	58.59622211444854
354.03825052443415	58.58957839086819
359.187855459007	58.58290928824405
364.4123631221491	58.57613046215768
369.71286299913527	58.56388058079129
375.0904604221685	58.54371598897297
380.54627680087896	58.525379117762476
386.08144985617537	58.523056466663434
391.6971338574982	58.52060341123316
397.3944998635236	58.5140877045511
403.1747359663683	58.50654838839753
409.0390475393468	58.492485587482456
414.9886574883323	58.47263065117383
421.0248065067734	58.45630329591475
427.1487533344206	58.45178216068093
433.3617750198154	58.4470332724857
439.6651671865984	58.43983248833515
446.06024430368984	58.432230080219895
452.54833995940066	58.422037370208876
459.13080713953053	58.410309789671295
465.8090185095106	58.399152445526866
472.58436670065066	58.38923906634768
479.45826460054917	58.37880216050559
486.432145647728	58.36697681025598
493.50746413055253	58.35463335456936
500.6856954904994	58.347598752111594
507.9683366298358	58.34164362055203
515.3569062237735	58.335220814229345
522.8529450371643	58.328339235885245
530.4580162458005	58.32103349416097
538.1737057623901	58.31337353260786
546.0016225672724	58.305474486492095
553.9433990439449	58.2975044318744
562.0006913194694	58.289686393765805
570.1751796098309	58.282290186665165
578.4685685703187	58.27561041973944
586.8825876510039	58.26993029580475
595.4189914573883	58.26547655007773
604.0795601162986	58.26227217712375
612.8660996471021	58.258135572469115
621.780442338323	58.25519556109062
630.8244471297356	58.246995399033715
640.0000000000159	58.237329881944106
649.3090143600314	58.22809324454968
658.7534314518515	58.219037986944734
668.3352207535618	58.21122048207136
678.0563803899662	58.210251764453595
687.9189375492632	58.20886294484368
697.9249489057827	58.20914887666181
708.0765010488715	58.20922643289399
718.3757109180171	58.20878525056634
728.8247262443015	58.20782757928822
739.425725998274	58.20636645556343
750.1809208443404	58.20442066836653
761.0925536017613	58.2020111489044
772.1628997123541	58.199158466595364
783.3942677149998	58.19588113706982
794.7889997270506	58.1921945018173
806.34947193274	58.18810999777696
818.0780950786972	58.19070452830775
829.9773149766683	58.20268291360459
842.0496130135506	58.214915094941226
854.2975066688449	58.22962758868709
866.7235500396347	58.24422572171978
879.3303343732008	58.26314903507829
892.1204886073838	58.282834526568124
905.0966799188055	58.30457135185236
918.2616142790653	58.32798402042187
931.6180370190256	58.35289591118123
945.1687334013056	58.382263205461335
958.9165292011028	58.411576861049305
972.8642912954606	58.45229849644855
987.0149282611097	58.493455094000076
1001.3713909810035	58.54237975468447
1015.9366732596762	58.59515726818884
1030.7138124475518	58.656508092877885
1045.7058900743334	58.7315930073392
1060.916032491606	58.80880660817089
1076.3474115247852	58.90134925668174
1092.0032451345498	58.99492710713432
1107.8867980878947	59.098320452869295
1124.0013826389438	59.20536778380474
1140.350359219667	59.3164395236746
1156.9371371406426	59.431799261838414
1173.765175302013	59.55012605076598
1190.837982914782	59.67274469751747
1208.1591202326028	59.79889211799209
1225.73219929421	59.92477513085453
1243.5608846766518	60.054735379407084
1261.648894259477	60.18046815253564
1280.0000000000375	60.306082416502775
1298.6180287200684	60.43412744371665
1317.5068629037087	60.56226394304775
1336.6704415071292	60.694800169964594
1356.112760779938	60.820488734114356
1375.8378750985323	60.950692261457746
1395.8498978115715	61.07753420277834
1416.153002097749	61.205722529666296
1436.7514218360407	61.3331140347321
1457.6494524886093	61.45878690008843
1478.8514519965543	61.58565388683644
1500.3618416886875	61.70962083025971
1522.1851072035295	61.83513669992079
1544.3257994247153	61.958912942623336
1566.788535430007	62.08340563884427
1589.5779994541087	62.20894565605607
1612.6989438654878	62.33541287640544
1636.156190157402	62.46196628775792
1659.9546299533442	62.58768345676103
1684.099226027109	62.71428382801331
1708.5950133376978	62.84754528552719
1733.4471000792773	62.98172552562201
1758.6606687464096	63.11490900532119
1784.2409772147755	63.24835636362638
1810.193359837619	63.38583044060293
1836.5232285581387	63.52831599339187
1863.2360740380593	63.6714626452963
1890.3374668026197	63.81227888124009
1917.833058402214	63.9544549899186
1945.7285825909298	64.10255102979652
1974.0298565222283	64.25296340927291
2002.7427819620161	64.40037748522154
2031.8733465193618	64.54580842304907
2061.4276248951132	64.69129882798008
2091.411780148677	64.83426933746314
2121.832064983222	64.9788507923206
2152.694823049581	65.12069215670205
2184.0064902691106	65.26405793557572
2215.7735961758003	65.40266759104065
2248.002765277899	65.53993492301821
2280.7007184393456	65.67886871702206
2313.874274281297	65.81953837182462
2347.530350604038	65.96241528585077
2381.6759658295764	66.11330167372486
2416.318240465218	66.2654933796328
2451.4643985884327	66.41485485769488
2487.1217693533167	66.56419408709536
2523.2977885189675	66.71281224364306
2560.0000000000887	66.86046029464546
2597.236057440151	67.00558685454153
2635.0137258074315	67.14246953716135
2673.340883014273	67.27785721266629
2712.225521559891	67.40431500789839
2751.6757501970797	67.52742187349571
2791.699795623158	67.62901715224203
2832.3060041955137	67.71653287091979
2873.502843672097	67.78756309169506
2915.2989049772345	67.8328855976959
2957.7029039931244	67.87015088652372
3000.723683377391	67.87340628142134
3044.370214407075	67.8712048828787
3088.6515988494466	67.83393097265063
3133.57707086003	67.7840590731514
3179.1559989082334	67.70533933035736
3225.3978877309914	67.59732876434202
3272.3123803148205	67.47518853767686
3319.9092599067053	67.29924945422228
3368.198452054235	67.12398524863211
3417.190026675413	66.90358192152904
3466.8942001585724	66.68031140189197
3517.3213374928373	66.43852880843275
3568.4819544295697	66.18615764576904
3620.386719675257	65.93387195734697
3673.0464571162966	65.67875749177018
3726.472148076138	65.42587373302896
3780.6749336052594	65.17357064483512
3835.6661168044484	64.92304229180802
3891.45716518188	64.67768878595683
3948.059713044477	64.43526572186254
4005.4855639240527	64.20115643886655
4063.746693038744	63.977114513988674
4122.855249790247	63.75888977882414
4182.823560297375	63.56114349821896
4243.664129966465	63.36601718042764
4305.389646099183	63.19948793320485
4368.012980538242	63.03884265849727
4431.5471923516225	62.905248481166396
4496.00553055582	62.791239757918504
4561.401436878714	62.689158048128704
4627.748548562617	62.61669238093453
4695.060701208099	62.543188169725845
4763.351931659176	62.49871232532078
4832.63648093046	62.45318469438207
4902.928797176889	62.41297983504548
4974.243538706657	62.37440566101901
5046.595577037959	62.3379847261899
5120.000000000202	62.305117261336996
5194.472114880326	62.270300538477656
5270.027451614888	62.228338649678335
5346.6817660285715	62.18481749859104
5424.451043119808	62.141287995916024
5503.351500394186	62.09642231451742
5583.399591246343	62.05428763552871
5664.612008391055	62.014582455543106
5747.005687344222	61.975390467694396
5830.597809954497	61.93994943444696
5915.405807986278	61.90481690053459
6001.447366754812	61.880193737110034
6088.740428814181	61.85753236684056
6177.303197698925	61.84570492016834
6267.154141720092	61.84067121942506
6358.3119978165005	61.84649717393258
6450.795775462017	61.86884617727922
6544.624760629676	61.895333753187565
6639.818519813445	61.94368195425131
6736.396904108505	61.99367362043081
6834.380053350861	62.06712743657123
6933.788400317181	62.14730765754453
7034.642674985712	62.25834259539892
7136.963908859177	62.40019337120627
7240.773439350552	62.555683113647916
7346.092914232631	62.760872511345205
7452.944296152315	62.96712218707135
7561.349867210557	63.18888401072205
7671.332233608935	63.41307422544257
7782.914330363799	63.555672021360685
7896.119426088994	63.649122023126544
8010.971127848146	63.64286855870215
8127.49338607753	63.43900998668838
8245.710499580537	63.099508718870325
8365.647120594791	62.51945367985284
8487.328259932974	61.896918874754405
8610.77929219841	61.2132582884662
8736.025961076528	60.546102126149485
8863.094384703289	59.9891819655247
8992.011061111683	59.489025771115195
9122.802873757471	59.03342448648914
9255.497097125279	58.618216888236105
9390.121402416245	58.26875153578382
9526.7038633184	57.96986779597565
9665.272961860968	57.70197720671709
9805.857594353829	57.45545140182746
9948.487077413367	57.24689856547345
10093.19115407597	57.0449811797909
10240.000000000457	56.94282360549903
10388.944229760706	56.83856057954202
10540.05490322983	56.773431642036925
10693.363532057198	56.717145967681695
10848.902086239672	56.588395234409916
11006.703000788428	56.38834533978599
11166.799182492743	56.14306304906348
11329.224016782166	55.80525252422588
11494.0113746885	55.48715683305012
11661.195619909053	55.21213923096814
11830.811615972614	54.97867049825784
12002.894733509682	54.87229097251858
12177.48085762842	54.764043638908156
12354.606395397908	54.870911353706155
12534.308283440243	54.9857951946722
12716.62399563306	55.20326509412773
12901.591550924093	55.471836026988775
13089.249521259411	55.74528296932474
13279.637039626952	56.024406015145736
13472.793808217073	56.296139976199356
13668.760106701786	56.466020563192224
13867.576800634426	56.63816994176095
14069.285349971487	56.68212397483131
14273.927817718419	56.69481732813516
14481.54687870117	56.64421201867419
14692.18582846533	56.53253492172479
14905.888592304698	56.411421256110714
15122.699734421185	56.261602937027135
15342.664467217943	56.109457857818036
15565.828660727671	56.019883747540305
15792.238852178061	55.93361908555437
16021.942255696367	55.92584365820493
16254.986772155136	55.9628488166625
16491.42099916115	56.036112312135145
16731.294241189662	56.177340609715785
16974.65651986603	56.321848940970845
17221.558584396902	56.48984780281455
17472.051922153143	56.66018575362377
17726.188769406665	56.80753290165366
17984.022122223458	56.94920193167829
18245.605747515034	57.03950823390929
18510.99419425065	57.072089291846886
18780.242804832582	57.071094226753665
19053.40772663689	56.91997590322731
19330.545923722028	56.76657449510954
19611.71518870775	56.7511608639055
19896.974154826825	56.752096709887425
20186.382308152035	56.75296641937508