20	66.41443277541414
20.290906698750476	66.40329936245965
20.586044732869844	66.39284930370334
20.885475648548283	66.3830883277337
21.189261887185914	66.37405145037297
21.49746679841394	66.36567156804412
21.810154653305165	66.36319121963194
22.12739065777668	66.36215055197479
22.449240966187475	66.36597126086167
22.77577269513385	66.37332870067394
23.107053937445478	66.38049844902946
23.44315377638505	66.38640585974417
23.784142300054445	66.39327291208713
24.130090616010463	66.4084356305622
24.481070866093134	66.42426381427263
24.837156241469714	66.43288556163947
25.1984209978975	66.4395719017458
25.56494047120865	66.44885693386672
25.936791093020236	66.46087102568944
26.3140504066728	66.47220881159586
26.69679708340074	66.47974094067746
27.08511093873791	66.48757286233918
27.47907294916184	66.49538066454548
27.878765268980047	66.50341930556252
28.284271247461966	66.50520846677878
28.695675446220072	66.50366747653788
29.11306365684382	66.50218801287095
29.536522918790062	66.50075770438175
29.966141537533712	66.49901623814355
30.402009102982383	66.49404735343998
30.844216508158908	66.48905517097717
31.29285596815558	66.47920873413656
31.74802103936409	66.4681993285669
32.20980663898519	66.45789823462437
32.67830906482211	66.44819448356776
33.153626015361866	66.43720995593506
33.63585661014871	66.4227864600742
34.125101410453844	66.40821780277358
34.62146244024586	66.40224583003544
35.12504320746613	66.39638680879307
35.635948725613716	66.38129228785833
36.15428553564419	66.36225508281328
36.68016172818701	66.34330989535817
37.21368696608603	66.32455410411131
37.754972507267915	66.3057498338537
38.30413122794313	66.28732573661364
38.86127764614443	66.26878894734426
39.4265279456077	66.24541978648858
40.000000000000206	66.22120750170151
40.58181339750116	66.19516126639401
41.1720894657399	66.16779915162044
41.77095129709678	66.1416844103232
42.37852377437204	66.11849705776984
42.9949335968281	66.09488658020123
43.62030930661056	66.06386427619472
44.25478131555359	66.03263085793024
44.89848193237519	66.00293067574768
45.55154539026795	65.97359491370332
46.21410787489121	65.9480795040971
46.88630755277036	65.92671891410204
47.56828460010916	65.90374328938498
48.260181232021196	65.8746553201769
48.962141732186545	65.84541141322768
49.674312482939705	65.81143405767489
50.39684199579528	65.77687805078716
51.129880942417586	65.74291871551317
51.873582186040764	65.70917806302785
52.628100813345895	65.67657573191615
53.393594166801776	65.64607195973993
54.17022187747612	65.6153738887161
54.95814589832399	65.5844739695413
55.75753053796041	65.55336037352347
56.56854249492426	65.51911372216406
57.39135089244048	65.4839322295953
58.226127313687975	65.44468237113367
59.073045837580466	65.40181728750005
59.932283075067765	65.35988999902516
60.804018205965114	65.32144620191025
61.68843301631817	65.28260563958509
62.58571193631152	65.24961317173093
63.49604207872855	65.21638483556762
64.41961327797075	65.18378118886653
65.35661812964459	65.15122417432576
66.3072520307241	65.11683493705678
67.27171322029778	65.08006038731298
68.25020282090806	65.04268059221658
69.2429248804921	65.00407840094721
70.25008641493265	64.96493140759388
71.27189745122783	64.92873548239817
72.30857107128878	64.89251675013205
73.36032345637442	64.85025989571822
74.42737393217246	64.80353844934152
75.50994501453623	64.75815743380862
76.60826245588666	64.71663100200868
77.72255529228926	64.67425356422082
78.85305589121582	64.62816658134327
80.00000000000082	64.5812195961813
81.16362679500274	64.53210110990972
82.34417893148023	64.48161244032141
83.541902594194	64.43051471823308
84.75704754874454	64.3788024757257
85.98986719365665	64.326894009215
87.24061861322157	64.27743722948479
88.50956263110764	64.22684286735625
89.79696386475084	64.17469371558201
91.10309078053635	64.12126986227048
92.42821574978288	64.06325510546738
93.77261510554118	64.00204253228468
95.13656920021877	63.9393769300907
96.52036246404286	63.87523504859894
97.92428346437356	63.81011886846241
99.34862496587989	63.74805845032941
100.79368399159105	63.68484904088943
102.25976188483567	63.61768105198877
103.74716437208203	63.54901937781026
105.25620162669229	63.47988073976384
106.78718833360406	63.41052828196833
108.34044375495276	63.34088863057776
109.9162917966485	63.270627742826015
111.51506107592134	63.2005219518584
113.13708498984903	63.129633306703795
114.78270178488147	63.05858064007461
116.45225462737648	62.98741205319414
118.14609167516147	62.91563284743863
119.86456615013608	62.8404973734629
121.60803641193078	62.76079793715731
123.3768660326369	62.680234962347605
125.17142387262359	62.60267180830811
126.99208415745765	62.52322565925978
128.83922655594208	62.43725357564569
130.71323625928977	62.348464404737975
132.61450406144883	62.25952755087915
134.5434264405962	62.169876337474285
136.50040564181674	62.079874219944934
138.48584976098482	61.991796980984255
140.50017282986593	61.90171595216335
142.5437949024563	61.8116327447674
144.61714214257822	61.719494654456234
146.7206469127495	61.6368217983811
148.8547478643456	61.556090036655625
151.01989002907314	61.47883871106159
153.216524911774	61.40579531302346
155.4451105845792	61.33198455522039
157.70611178243232	61.26052694983786
160.00000000000236	61.18734897259333
162.3272535900062	61.12472064578637
164.6883578629612	61.061639777347956
167.08380518838874	61.00681003622291
169.51409509748981	60.956140063773866
171.97973438731407	60.90772871379255
174.4812372264439	60.864515998300675
177.01912526221608	60.821030840986865
179.5939277295025	60.7876219998346
182.20618156107355	60.75311430320936
184.85643149956664	60.72230888460761
187.54523021108326	60.6916751447658
190.27313840043846	60.66374756103658
193.04072492808663	60.638271944753946
195.84856692874806	60.61515554141685
198.69724993176072	60.60099108982571
201.58736798318304	60.58631010964876
204.5195237696723	60.57272877766963
207.49432874416505	60.558834668691816
210.5124032533856	60.544075094336115
213.57437666720915	60.528845183746476
216.68088750990657	60.51514133370541
219.83258359329807	60.50378099865248
223.03012215184378	60.492576009952884
226.2741699796992	60.48182622963311
229.5654035697641	60.47138902822039
232.90450925475412	60.460566716397395
236.2921833503241	60.4500978734937
239.72913230027333	60.441773860608585
243.21607282386276	60.43526870396603
246.75373206527502	60.42923462508655
250.34284774524843	60.423349489553225
253.9841683149166	60.41828120819606
257.67845311188546	60.41205535853097
261.42647251858085	60.40675231040533
265.22900812289896	60.40625169937172
269.08685288119375	60.40809045605417
273.0008112836349	60.406019509120675
276.97169952197106	60.399265725520316
281.00034565973334	60.3932713414094
285.0875898049141	60.38761127974638
289.23428428515797	60.382760396957416
293.44129382550057	60.37263579386248
297.7094957286928	60.36253859752061
302.0397800581479	60.356535072365816
306.4330498235497	60.353067371861215
310.89022116916016	60.34978479057363
315.41222356486645	60.3463847862063
320.00000000000654	60.343644484392144
324.6545071800142	60.34805104925968
329.3767157259242	60.35216249985798
334.16761037677935	60.35898317146157
339.02819019498156	60.36581905097196
343.95946877463007	60.36736140732126
348.9624744528898	60.36359207055439
354.03825052443415	60.361401809773746
359.187855459007	60.36767625323411
364.4123631221491	60.371878813246354
369.71286299913527	60.37871230379627
375.0904604221685	60.38350247021585
380.54627680087896	60.378685887265085
386.08144985617537	60.36830492766131
391.6971338574982	60.360924701663414
397.3944998635236	60.359063639987276
403.1747359663683	60.355743475474874
409.0390475393468	60.35122268921628
414.9886574883323	60.3457617115835
421.0248065067734	60.33960281587105
427.1487533344206	60.332967861306024
433.3617750198154	60.33297737124858
439.6651671865984	60.338054344049596
446.06024430368984	60.33995832649228
452.54833995940066	60.33423053459527
459.13080713953053	60.3287840605574
465.8090185095106	60.32708056489069
472.58436670065066	60.32572545946751
479.45826460054917	60.32730501199348
486.432145647728	60.33019656501961
493.50746413055253	60.32949264567517
500.6856954904994	60.32453244652113
507.9683366298358	60.320353353457406
515.3569062237735	60.31845930677569
522.8529450371643	60.316925923992024
530.4580162458005	60.31786633513387
538.1737057623901	60.31940423519356
546.0016225672724	60.313639771580355
553.9433990439449	60.30367455400886
562.0006913194694	60.299974761646546
570.1751796098309	60.30762219630048
578.4685685703187	60.31526739397092
586.8825876510039	60.31755902271275
595.4189914573883	60.320272086233636
604.0795601162986	60.31084131225858
612.8660996471021	60.29850998404449
621.780442338323	60.29538015860118
630.8244471297356	60.30090361381495
640.0000000000159	60.30749671225863
649.3090143600314	60.316342858716695
658.7534314518515	60.325793416325766
668.3352207535618	60.31821827963375
678.0563803899662	60.31042297765412
687.9189375492632	60.30906951762856
697.9249489057827	60.31099125095956
708.0765010488715	60.31452235136954
718.3757109180171	60.3201584203425
728.8247262443015	60.32727367339805
739.425725998274	60.34033145948543
750.1809208443404	60.35421744659288
761.0925536017613	60.3544098773739
772.1628997123541	60.35277486811975
783.3942677149998	60.353362016700046
794.7889997270506	60.35577634725155
806.34947193274	60.363220422489086
818.0780950786972	60.38167697649807
829.9773149766683	60.40060116656182
842.0496130135506	60.40589342275193
854.2975066688449	60.41154797747258
866.7235500396347	60.41136879986023
879.3303343732008	60.40900323326677
892.1204886073838	60.40987653660848
905.0966799188055	60.41431673965194
918.2616142790653	60.41929508487647
931.6180370190256	60.42920745695565
945.1687334013056	60.437659001403425
958.9165292011028	60.46295740516027
972.8642912954606	60.48828025435449
987.0149282611097	60.51949477190483
1001.3713909810035	60.553256022556425
1015.9366732596762	60.587475972403645
1030.7138124475518	60.62436568315995
1045.7058900743334	60.6599324946792
1060.916032491606	60.70135782379254
1076.3474115247852	60.74127643966645
1092.0032451345498	60.77953480312961
1107.8867980878947	60.81659720308067
1124.0013826389438	60.85873270967647
1140.350359219667	60.90574506160181
1156.9371371406426	60.95325562886774
1173.765175302013	61.00340693941998
1190.837982914782	61.053425916711134
1208.1591202326028	61.11280171119052
1225.73219929421	61.172781594746944
1243.5608846766518	61.236278579826575
1261.648894259477	61.30184088723658
1280.0000000000375	61.37198691453101
1298.6180287200684	61.44861346568268
1317.5068629037087	61.527168358911794
1336.6704415071292	61.61067346236159
1356.112760779938	61.69603300032415
1375.8378750985323	61.78340024466864
1395.8498978115715	61.872924817648546
1416.153002097749	61.96256688837428
1436.7514218360407	62.05296826706375
1457.6494524886093	62.14680479405452
1478.8514519965543	62.245537151334204
1500.3618416886875	62.34697504797447
1522.1851072035295	62.45766335899425
1544.3257994247153	62.571042658417326
1566.788535430007	62.68747703848912
1589.5779994541087	62.806752956543086
1612.6989438654878	62.926090562919065
1636.156190157402	63.04509183322247
1659.9546299533442	63.165439945342946
1684.099226027109	63.28288028507417
1708.5950133376978	63.402892994220025
1733.4471000792773	63.523674233143595
1758.6606687464096	63.6468456390396
1784.2409772147755	63.768211001153986
1810.193359837619	63.889589303994384
1836.5232285581387	64.01403922284868
1863.2360740380593	64.14204118708747
1890.3374668026197	64.27160182668653
1917.833058402214	64.39287664374629
1945.7285825909298	64.51654923419977
1974.0298565222283	64.63236171011991
2002.7427819620161	64.74796724679817
2031.8733465193618	64.8624264896514
2061.4276248951132	64.97605600071708
2091.411780148677	65.09209502087327
2121.832064983222	65.21097811506371
2152.694823049581	65.3321107453821
2184.0064902691106	65.44679104801645
2215.7735961758003	65.56339908719099
2248.002765277899	65.68443138668717
2280.7007184393456	65.80867568847678
2313.874274281297	65.9304009300084
2347.530350604038	66.04767567511425
2381.6759658295764	66.16685980332278
2416.318240465218	66.28683680816594
2451.4643985884327	66.40895863102402
2487.1217693533167	66.52869381956091
2523.2977885189675	66.64982721173347
2560.0000000000887	66.76790705748839
2597.236057440151	66.8843904363999
2635.0137258074315	67.00133576527668
2673.340883014273	67.11679731096922
2712.225521559891	67.23384099527773
2751.6757501970797	67.34103331101468
2791.699795623158	67.4500569293634
2832.3060041955137	67.5383026127057
2873.502843672097	67.62069767064631
2915.2989049772345	67.68951254575511
2957.7029039931244	67.74302997354519
3000.723683377391	67.79455060774531
3044.370214407075	67.83505437208781
3088.6515988494466	67.87631123625582
3133.57707086003	67.90940471498442
3179.1559989082334	67.94235903343949
3225.3978877309914	67.97064725175059
3272.3123803148205	67.99652922969781
3319.9092599067053	68.0195321336521
3368.198452054235	68.03713863515235
3417.190026675413	68.05384246732145
3466.8942001585724	68.05837294744894
3517.3213374928373	68.06299339407421
3568.4819544295697	68.05892102531847
3620.386719675257	68.05273231086461
3673.0464571162966	68.0376762277358
3726.472148076138	68.01465702379717
3780.6749336052594	67.9887409472453
3835.6661168044484	67.95500913463573
3891.45716518188	67.92071538906488
3948.059713044477	67.8718226084378
4005.4855639240527	67.82180106946603
4063.746693038744	67.76382011492483
4122.855249790247	67.70179806664082
4182.823560297375	67.63211454182405
4243.664129966465	67.5521070008688
4305.389646099183	67.46726803360505
4368.012980538242	67.35975857196557
4431.5471923516225	67.25054048809457
4496.00553055582	67.13347161700791
4561.401436878714	67.01358917305797
4627.748548562617	66.88999741662259
4695.060701208099	66.76317227603529
4763.351931659176	66.63643049030557
4832.63648093046	66.51239100586676
4902.928797176889	66.38598744332396
4974.243538706657	66.24311253814332
5046.595577037959	66.09806834356377
5120.000000000202	65.9482127075402
5194.472114880326	65.79525046572769
5270.027451614888	65.63965309051999
5346.6817660285715	65.48136420631127
5424.451043119808	65.3227797753031
5503.351500394186	65.17019261436776
5583.399591246343	65.01550619396495
5664.612008391055	64.86241462048156
5747.005687344222	64.70765002665068
5830.597809954497	64.56568687167136
5915.405807986278	64.43046053002723
6001.447366754812	64.30814681562721
6088.740428814181	64.21063264481401
6177.303197698925	64.11594150311731
6267.154141720092	64.06441734543314
6358.3119978165005	64.01257084100168
6450.795775462017	63.998503301850725
6544.624760629676	63.993980948695054
6639.818519813445	64.00852546287642
6736.396904108505	64.04044984478807
6834.380053350861	64.08039076311138
6933.788400317181	64.14500551746745
7034.642674985712	64.20756775508279
7136.963908859177	64.33626361610558
7240.773439350552	64.46056574780854
7346.092914232631	64.6268115202568
7452.944296152315	64.79700978362771
7561.349867210557	64.92966067238352
7671.332233608935	65.01295000185591
7782.914330363799	65.04612334178961
7896.119426088994	64.9632378764379
8010.971127848146	65.04957757389293
8127.49338607753	64.80208221757577
8245.710499580537	64.42544362599415
8365.647120594791	63.96316273249381
8487.328259932974	63.555791116570305
8610.77929219841	63.25743056262749
8736.025961076528	62.98062886521092
8863.094384703289	62.706652821714265
8992.011061111683	62.43711408341766
9122.802873757471	62.17940208130423
9255.497097125279	61.95311543951164
9390.121402416245	61.723174788266085
9526.7038633184	61.51476236248949
9665.272961860968	61.30263309745713
9805.857594353829	61.11772281533205
9948.487077413367	60.93787488170334
10093.19115407597	60.76650377140395
10240.000000000457	60.60289860310311
10388.944229760706	60.44231765056855
10540.05490322983	60.29403831546495
10693.363532057198	60.14453045017466
10848.902086239672	60.0074700873858
11006.703000788428	59.869692478383875
11166.799182492743	59.73776516849463
11329.224016782166	59.607830291579404
11494.0113746885	59.48329384606384
11661.195619909053	59.3670236576707
11830.811615972614	59.250147243299466
12002.894733509682	59.13526664998489
12177.48085762842	59.019251878807395
12354.606395397908	58.91544328481958
12534.308283440243	58.812882603735744
12716.62399563306	58.71187246124756
12901.591550924093	58.61175946655896
13089.249521259411	58.513794492028254
13279.637039626952	58.42220534075909
13472.793808217073	58.329779547122676
13668.760106701786	58.23473663151836
13867.576800634426	58.138902292242605
14069.285349971487	58.033000972882206
14273.927817718419	57.92299497572187
14481.54687870117	57.8048630959169
14692.18582846533	57.677394036708776
14905.888592304698	57.545204647417165
15122.699734421185	57.395853767201494
15342.664467217943	57.245244802783624
15565.828660727671	57.070747758252026
15792.238852178061	56.89243508129606
16021.942255696367	56.70435040568406
16254.986772155136	56.50977187900349
16491.42099916115	56.31295381632164
16731.294241189662	56.1133961777779
16974.65651986603	55.91382155272592
17221.558584396902	55.733622439388185
17472.051922153143	55.5521091115172
17726.188769406665	55.39818597477903
17984.022122223458	55.250896535855716
18245.605747515034	55.12155380016085
18510.99419425065	55.00939424210568
18780.242804832582	54.90375298997442
19053.40772663689	54.82046194954803
19330.545923722028	54.78866244877154
19611.71518870775	54.8145621256113
19896.974154826825	54.84126964977033
20186.382308152035	54.868533006088