20	61.93490545008923
20.290906698750476	61.9348146807403
20.586044732869844	61.920293417105405
20.885475648548283	61.893693581388064
21.189261887185914	61.87377406433791
21.49746679841394	61.854421881620056
21.810154653305165	61.83518995961979
22.12739065777668	61.81593424484668
22.449240966187475	61.797167694424
22.77577269513385	61.77963233290801
23.107053937445478	61.761852079826255
23.44315377638505	61.744365970845784
23.784142300054445	61.72672994270251
24.130090616010463	61.70848909536507
24.481070866093134	61.689373323396026
24.837156241469714	61.67019168384152
25.1984209978975	61.65278923403011
25.56494047120865	61.63514393491675
25.936791093020236	61.61666089793896
26.3140504066728	61.59753108675656
26.69679708340074	61.57886461320145
27.08511093873791	61.56145448903349
27.47907294916184	61.54379877597767
27.878765268980047	61.525073531705466
28.284271247461966	61.5059298586135
28.695675446220072	61.486874807693944
29.11306365684382	61.4678295180585
29.536522918790062	61.449156985404144
29.966141537533712	61.43183138107729
30.402009102982383	61.414261740410325
30.844216508158908	61.39566325735626
31.29285596815558	61.37660695111717
31.74802103936409	61.358457001366126
32.20980663898519	61.341126533108024
32.67830906482211	61.32351562559175
33.153626015361866	61.30471646288498
33.63585661014871	61.285652180214335
34.125101410453844	61.266802859751785
34.62146244024586	61.247839729803175
35.12504320746613	61.229692922046226
35.635948725613716	61.212457593190706
36.15428553564419	61.1949798883949
36.68016172818701	61.17789097116488
37.21368696608603	61.16056302498995
37.754972507267915	61.14249124913171
38.30413122794313	61.1236877581375
38.86127764614443	61.10514381824278
39.4265279456077	61.088063539726896
40.000000000000206	61.070742148975825
40.58181339750116	61.05244581613499
41.1720894657399	61.033644756380724
41.77095129709678	61.015638159535385
42.37852377437204	60.998568223464964
42.9949335968281	60.98125912575845
43.62030930661056	60.96274104791266
44.25478131555359	60.943948234965994
44.89848193237519	60.925340875275296
45.55154539026795	60.90665713026271
46.21410787489121	60.888676247779195
46.88630755277036	60.87172538860598
47.56828460010916	60.85453574179718
48.260181232021196	60.837706491043804
48.962141732186545	60.820673866094886
49.674312482939705	60.80369398862981
50.39684199579528	60.78681909674637
51.129880942417586	60.76970532059953
51.873582186040764	60.75139582778334
52.628100813345895	60.732804798629466
53.393594166801776	60.71551834821871
54.17022187747612	60.69867064948598
54.95814589832399	60.6817188097392
55.75753053796041	60.66502896257917
56.56854249492426	60.64810317767377
57.39135089244048	60.632394607455126
58.226127313687975	60.6170092769573
59.073045837580466	60.60137928574667
59.932283075067765	60.58482564656022
60.804018205965114	60.568036401013515
61.68843301631817	60.551358558686346
62.58571193631152	60.534730094623285
63.49604207872855	60.517905967047085
64.41961327797075	60.50143611458406
65.35661812964459	60.48473145366301
66.3072520307241	60.46894785656714
67.27171322029778	60.453780169384
68.25020282090806	60.438393224576615
69.2429248804921	60.42335178779634
70.25008641493265	60.408164606188066
71.27189745122783	60.392613403770966
72.30857107128878	60.37625084777355
73.36032345637442	60.359650543500095
74.42737393217246	60.3442320968255
75.50994501453623	60.329167016106645
76.60826245588666	60.31389378726401
77.72255529228926	60.29901885294518
78.85305589121582	60.283924581330965
80.00000000000082	60.26881327709685
81.16362679500274	60.25390620674799
82.34417893148023	60.238774552376576
83.541902594194	60.2238204501238
84.75704754874454	60.20887294537598
85.98986719365665	60.19369701712793
87.24061861322157	60.1799965985394
88.50956263110764	60.16618649831045
89.79696386475084	60.15213647163541
91.10309078053635	60.13735819187145
92.42821574978288	60.12234723493875
93.77261510554118	60.10773608813002
95.13656920021877	60.09406515837041
96.52036246404286	60.080172745117665
97.92428346437356	60.06680305970087
99.34862496587989	60.05411821050379
100.79368399159105	60.04122219200866
102.25976188483567	60.02832991008012
103.74716437208203	60.01563515030603
105.25620162669229	60.002723613557485
106.78718833360406	59.98974084777724
108.34044375495276	59.977016339116126
109.9162917966485	59.964066418023975
111.51506107592134	59.95097132154187
113.13708498984903	59.93819317391875
114.78270178488147	59.92517997713213
116.45225462737648	59.91197261948334
118.14609167516147	59.90000087547716
119.86456615013608	59.88779840805101
121.60803641193078	59.875360775296215
123.3768660326369	59.86250142643675
125.17142387262359	59.849318696167195
126.99208415745765	59.83587682378373
128.83922655594208	59.82255596510447
130.71323625928977	59.80921715942495
132.61450406144883	59.79560839659575
134.5434264405962	59.782879564026
136.50040564181674	59.77103250501589
138.48584976098482	59.75892798260282
140.50017282986593	59.74655673463371
142.5437949024563	59.734540460881846
144.61714214257822	59.72226484323694
146.7206469127495	59.70971156666076
148.8547478643456	59.697490324205
151.01989002907314	59.68570484761149
153.216524911774	59.67364192697074
155.4451105845792	59.661294427295125
157.70611178243232	59.652764312126465
160.00000000000236	59.64548668185194
162.3272535900062	59.63798779089545
164.6883578629612	59.630262075023225
167.08380518838874	59.62230519398111
169.51409509748981	59.6141120586989
171.97973438731407	59.60572986317056
174.4812372264439	59.59721712927888
177.01912526221608	59.58845873585414
179.5939277295025	59.57945096577236
182.20618156107355	59.57019253690836
184.85643149956664	59.5606796479704
187.54523021108326	59.552591025753884
190.27313840043846	59.54803094667536
193.04072492808663	59.54329129205372
195.84856692874806	59.53837557693029
198.69724993176072	59.53328398911516
201.58736798318304	59.52801941972179
204.5195237696723	59.52258549252711
207.49432874416505	59.51698458726156
210.5124032533856	59.51122285931001
213.57437666720915	59.50530525419976
216.68088750990657	59.499237509517826
219.83258359329807	59.49302715749538
223.03012215184378	59.48668251363997
226.2741699796992	59.48021065991103
229.5654035697641	59.47362141465138
232.90450925475412	59.46692629645423
236.2921833503241	59.46013348114195
239.72913230027333	59.4532547426347
243.21607282386276	59.45099738910947
246.75373206527502	59.44918419478328
250.34284774524843	59.447396317227465
253.9841683149166	59.4456492167388
257.67845311188546	59.44395756465256
261.42647251858085	59.44233415636635
265.22900812289896	59.44079482008045
269.08685288119375	59.439353324392194
273.0008112836349	59.43802329690008
276.97169952197106	59.43681913858067
281.00034565973334	59.43575395338177
285.0875898049141	59.43484147576388
289.23428428515797	59.4340950127227
293.44129382550057	59.43352638832226
297.7094957286928	59.433146898794654
302.0397800581479	59.432969266727525
306.4330498235497	59.43300259962605
310.89022116916016	59.435109349144355
315.41222356486645	59.438170259253866
320.00000000000654	59.44150831537995
324.6545071800142	59.44513266635754
329.3767157259242	59.449049541987414
334.16761037677935	59.453265146489144
339.02819019498156	59.45778652035805
343.95946877463007	59.46256439248035
348.9624744528898	59.46691499827543
354.03825052443415	59.471566872679475
359.187855459007	59.47651664160582
364.4123631221491	59.48176377628419
369.71286299913527	59.48729936900995
375.0904604221685	59.49311689621658
380.54627680087896	59.499205003258126
386.08144985617537	59.50677932400783
391.6971338574982	59.51966733003082
397.3944998635236	59.53286624375043
403.1747359663683	59.54635201348314
409.0390475393468	59.56148236809075
414.9886574883323	59.57753197262778
421.0248065067734	59.59381466174495
427.1487533344206	59.61070884008306
433.3617750198154	59.6278919491735
439.6651671865984	59.64540814579187
446.06024430368984	59.66517010099266
452.54833995940066	59.68502701213054
459.13080713953053	59.70443182750381
465.8090185095106	59.72373569794081
472.58436670065066	59.74372172223195
479.45826460054917	59.76430794692449
486.432145647728	59.78458968420038
493.50746413055253	59.80450907592865
500.6856954904994	59.8241808537611
507.9683366298358	59.84348815912909
515.3569062237735	59.86341720933952
522.8529450371643	59.88469343741797
530.4580162458005	59.9059617658074
538.1737057623901	59.927279412802065
546.0016225672724	59.94737077099156
553.9433990439449	59.96689985054616
562.0006913194694	59.98815208000851
570.1751796098309	60.0112525957845
578.4685685703187	60.03230964602018
586.8825876510039	60.05292422989814
595.4189914573883	60.07207956807706
604.0795601162986	60.08792405127116
612.8660996471021	60.105062152849015
621.780442338323	60.12344613266984
630.8244471297356	60.13999757769827
640.0000000000159	60.15702398871454
649.3090143600314	60.17486296718291
658.7534314518515	60.19334333858636
668.3352207535618	60.212390642483655
678.0563803899662	60.23197381265117
687.9189375492632	60.25171237663761
697.9249489057827	60.271474042827805
708.0765010488715	60.29123485441842
718.3757109180171	60.31127939518404
728.8247262443015	60.33108755846617
739.425725998274	60.35060739825936
750.1809208443404	60.36953050602118
761.0925536017613	60.38774222948942
772.1628997123541	60.4055869704534
783.3942677149998	60.423060690705626
794.7889997270506	60.44020570061442
806.34947193274	60.45700274467727
818.0780950786972	60.47344137427523
829.9773149766683	60.48971657865714
842.0496130135506	60.50649363427714
854.2975066688449	60.52294312893366
866.7235500396347	60.53929212749216
879.3303343732008	60.55800843164877
892.1204886073838	60.57643491464371
905.0966799188055	60.59514090427209
918.2616142790653	60.61394357744716
931.6180370190256	60.633577383641054
945.1687334013056	60.65540448133733
958.9165292011028	60.679661192116015
972.8642912954606	60.70697153018724
987.0149282611097	60.7333268361108
1001.3713909810035	60.76174263493917
1015.9366732596762	60.79373986076501
1030.7138124475518	60.82962366791273
1045.7058900743334	60.866999178471325
1060.916032491606	60.91128762475324
1076.3474115247852	60.95440149352211
1092.0032451345498	60.996275548473456
1107.8867980878947	61.05309657043842
1124.0013826389438	61.10889790268453
1140.350359219667	61.15095536914343
1156.9371371406426	61.22006135726296
1173.765175302013	61.27374910944101
1190.837982914782	61.3269441537066
1208.1591202326028	61.38034806623098
1225.73219929421	61.426282925459184
1243.5608846766518	61.47567109275471
1261.648894259477	61.52003330017034
1280.0000000000375	61.58211083772841
1298.6180287200684	61.631362954983686
1317.5068629037087	61.68908345319246
1336.6704415071292	61.75142261646177
1356.112760779938	61.8262755336861
1375.8378750985323	61.895904530550794
1395.8498978115715	61.97117778205878
1416.153002097749	62.04196485356396
1436.7514218360407	62.1123120952909
1457.6494524886093	62.192125256142006
1478.8514519965543	62.26190564891549
1500.3618416886875	62.33789007559124
1522.1851072035295	62.4057835079252
1544.3257994247153	62.477131181339345
1566.788535430007	62.55139173003459
1589.5779994541087	62.62389780403832
1612.6989438654878	62.69478864948283
1636.156190157402	62.76401309251771
1659.9546299533442	62.84643088461438
1684.099226027109	62.916689346431525
1708.5950133376978	63.0075261388318
1733.4471000792773	63.095118104685014
1758.6606687464096	63.17220308309202
1784.2409772147755	63.27076255906839
1810.193359837619	63.36910805063457
1836.5232285581387	63.48951127501675
1863.2360740380593	63.61722733678732
1890.3374668026197	63.753864782180116
1917.833058402214	63.8978461242394
1945.7285825909298	64.06191216513218
1974.0298565222283	64.22752747916543
2002.7427819620161	64.39483855336499
2031.8733465193618	64.60142428910447
2061.4276248951132	64.77853267884822
2091.411780148677	64.95217819050559
2121.832064983222	65.16870921581348
2152.694823049581	65.43151454359489
2184.0064902691106	65.69534225869066
2215.7735961758003	66.00374344831273
2248.002765277899	66.26883958613695
2280.7007184393456	66.53419222222325
2313.874274281297	66.7995865667065
2347.530350604038	67.0901341919721
2381.6759658295764	67.34761660351212
2416.318240465218	67.60469159965656
2451.4643985884327	67.85843755285237
2487.1217693533167	68.12190160013972
2523.2977885189675	68.3409274924946
2560.0000000000887	68.60312717004602
2597.236057440151	68.8208914142493
2635.0137258074315	68.99426626155997
2673.340883014273	69.21011311601244
2712.225521559891	69.38347889695194
2751.6757501970797	69.55584551580522
2791.699795623158	69.71681421373451
2832.3060041955137	69.85749898556767
2873.502843672097	70.00538446378752
2915.2989049772345	70.08922765290212
2957.7029039931244	70.14801151686844
3000.723683377391	70.17013049101797
3044.370214407075	70.14628570288116
3088.6515988494466	70.10409193430995
3133.57707086003	70.02810848102101
3179.1559989082334	69.96358130228548
3225.3978877309914	69.87829045355596
3272.3123803148205	69.77145114631317
3319.9092599067053	69.66377484748408
3368.198452054235	69.55377135959583
3417.190026675413	69.43974379476158
3466.8942001585724	69.32008967208961
3517.3213374928373	69.19372129148513
3568.4819544295697	69.08230734269371
3620.386719675257	68.94274727460993
3673.0464571162966	68.82013700676104
3726.472148076138	68.67219790312234
3780.6749336052594	68.54411472510729
3835.6661168044484	68.39297993696296
3891.45716518188	68.26320651386342
3948.059713044477	68.15086236399864
4005.4855639240527	68.02478288352022
4063.746693038744	67.90208567948035
4122.855249790247	67.78496954391045
4182.823560297375	67.67505580061868
4243.664129966465	67.5683895056975
4305.389646099183	67.4698560501432
4368.012980538242	67.37009448110386
4431.5471923516225	67.2688954312634
4496.00553055582	67.16630661998332
4561.401436878714	67.06473033637933
4627.748548562617	66.9766554141756
4695.060701208099	66.87834659772997
4763.351931659176	66.78498305694538
4832.63648093046	66.68898545081225
4902.928797176889	66.5949108271586
4974.243538706657	66.506018313495
5046.595577037959	66.41278865706823
5120.000000000202	66.30516220786824
5194.472114880326	66.1984924921937
5270.027451614888	66.09630350396982
5346.6817660285715	65.99413190741564
5424.451043119808	65.89237013297122
5503.351500394186	65.777425721172
5583.399591246343	65.67145660389606
5664.612008391055	65.573847931575
5747.005687344222	65.4831084265446
5830.597809954497	65.37549138395278
5915.405807986278	65.27877811891534
6001.447366754812	65.18898208261066
6088.740428814181	65.08468675533801
6177.303197698925	64.97865978869565
6267.154141720092	64.87121491222089
6358.3119978165005	64.78063943983172
6450.795775462017	64.70989723658586
6544.624760629676	64.63922795437341
6639.818519813445	64.58400224034577
6736.396904108505	64.5238566428961
6834.380053350861	64.45480142623822
6933.788400317181	64.36862636163826
7034.642674985712	64.29475654327702
7136.963908859177	64.22765177250879
7240.773439350552	64.14096864020901
7346.092914232631	64.06130696953664
7452.944296152315	63.98011569610174
7561.349867210557	63.89738658200619
7671.332233608935	63.81328236457023
7782.914330363799	63.72794209179474
7896.119426088994	63.62678950534493
8010.971127848146	63.53877036773641
8127.49338607753	63.42124470690501
8245.710499580537	63.316985946368995
8365.647120594791	63.21181491471269
8487.328259932974	63.10578274591484
8610.77929219841	62.99893566904161
8736.025961076528	62.891178701271684
8863.094384703289	62.76840525405079
8992.011061111683	62.654412662123065
9122.802873757471	62.54594864864363
9255.497097125279	62.41495372505384
9390.121402416245	62.305256547899276
9526.7038633184	62.17304022675729
9665.272961860968	62.06221759529822
9805.857594353829	61.93372545038869
9948.487077413367	61.817098765009725
10093.19115407597	61.682851872711126
10240.000000000457	61.54811963351548
10388.944229760706	61.420067583279625
10540.05490322983	61.29934206449946
10693.363532057198	61.163379347966966
10848.902086239672	61.027061737667694
11006.703000788428	60.890402672075936
11166.799182492743	60.753388811248534
11329.224016782166	60.63756912463678
11494.0113746885	60.500457963825504
11661.195619909053	60.362626139532075
11830.811615972614	60.22457499073783
12002.894733509682	60.0863274518672
12177.48085762842	59.94786711813151
12354.606395397908	59.809307312845824
12534.308283440243	59.670576154044966
12716.62399563306	59.550564620751906
12901.591550924093	59.41479962433902
13089.249521259411	59.27589208610047
13279.637039626952	59.13694101741262
13472.793808217073	58.998069606899186
13668.760106701786	58.85921032368725
13867.576800634426	58.72047202417472
14069.285349971487	58.58185408195907
14273.927817718419	58.44338653371838
14481.54687870117	58.30516224808567
14692.18582846533	58.16714212702901
14905.888592304698	58.02946034438076
15122.699734421185	57.892092627556494
15342.664467217943	57.75511460290607
15565.828660727671	57.618598211739794
15792.238852178061	57.48253622167893
16021.942255696367	57.34709686110372
16254.986772155136	57.21224060429802
16491.42099916115	57.07810416581051
16731.294241189662	56.94474575532664
16974.65651986603	56.8122316886958
17221.558584396902	56.680731468577086
17472.051922153143	56.55027050671412
17726.188769406665	56.44033871642606
17984.022122223458	56.315112322983204
18245.605747515034	56.188819376293814
18510.99419425065	56.064271699231675
18780.242804832582	55.94181637024092
19053.40772663689	55.821700411173744
19330.545923722028	55.70443731846683
19611.71518870775	55.66595262501
19896.974154826825	55.66196935565965
20186.382308152035	55.66314287911959