20	61.35905540883149
20.290906698750476	61.358817517054185
20.586044732869844	61.35603249624712
20.885475648548283	61.349419485205125
21.189261887185914	61.34098382158941
21.49746679841394	61.32870198026157
21.810154653305165	61.31472297506643
22.12739065777668	61.314359883131715
22.449240966187475	61.32297656508635
22.77577269513385	61.324701610998545
23.107053937445478	61.31058299697953
23.44315377638505	61.296139775833495
23.784142300054445	61.27919201119973
24.130090616010463	61.262240435833746
24.481070866093134	61.24549894554137
24.837156241469714	61.22912149589092
25.1984209978975	61.218707127120005
25.56494047120865	61.21879735952299
25.936791093020236	61.219572402715585
26.3140504066728	61.21639932756374
26.69679708340074	61.214241105589046
27.08511093873791	61.20510118017866
27.47907294916184	61.194068940141086
27.878765268980047	61.18400929695394
28.284271247461966	61.1749353769981
28.695675446220072	61.166850265189986
29.11306365684382	61.159748139360715
29.536522918790062	61.15361534313486
29.966141537533712	61.14843139101735
30.402009102982383	61.14416990312804
30.844216508158908	61.14079947012015
31.29285596815558	61.13828445137029
31.74802103936409	61.13512230136494
32.20980663898519	61.12595840551284
32.67830906482211	61.11740486912345
33.153626015361866	61.1015267017818
33.63585661014871	61.08482768859339
34.125101410453844	61.078509742320776
34.62146244024586	61.08077199858737
35.12504320746613	61.07816187130298
35.635948725613716	61.05899821766103
36.15428553564419	61.03991767774894
36.68016172818701	61.03355845533665
37.21368696608603	61.02835720466325
37.754972507267915	61.017018102026356
38.30413122794313	61.001768832592106
38.86127764614443	60.98596658936905
39.4265279456077	60.968921438724216
40.000000000000206	60.951766511474126
40.58181339750116	60.934084067405635
41.1720894657399	60.91627721973292
41.77095129709678	60.89889975227783
42.37852377437204	60.88170143505168
42.9949335968281	60.86347421993314
43.62030930661056	60.84349137739037
44.25478131555359	60.82349978336341
44.89848193237519	60.80332345737783
45.55154539026795	60.78326034860577
46.21410787489121	60.76235081533344
46.88630755277036	60.741288464599485
47.56828460010916	60.71993733838792
48.260181232021196	60.698121550423856
48.962141732186545	60.67698572853818
49.674312482939705	60.659260665773225
50.39684199579528	60.64189157639757
51.129880942417586	60.62566912453636
51.873582186040764	60.60994580488886
52.628100813345895	60.592691823776725
53.393594166801776	60.57363784796139
54.17022187747612	60.55475672080349
54.95814589832399	60.53674182796758
55.75753053796041	60.51849434988056
56.56854249492426	60.50490647190549
57.39135089244048	60.49180749207266
58.226127313687975	60.47752789396852
59.073045837580466	60.462056834998826
59.932283075067765	60.44511093250362
60.804018205965114	60.42462599694984
61.68843301631817	60.40327601253176
62.58571193631152	60.386433446321824
63.49604207872855	60.369261801687315
64.41961327797075	60.35047548498855
65.35661812964459	60.330283710690935
66.3072520307241	60.30885610578294
67.27171322029778	60.285693105562665
68.25020282090806	60.26162787709854
69.2429248804921	60.243586653037646
70.25008641493265	60.22504173202184
71.27189745122783	60.20421432375202
72.30857107128878	60.18186992903605
73.36032345637442	60.15890794426227
74.42737393217246	60.13539385105472
75.50994501453623	60.11148917168404
76.60826245588666	60.091775761808464
77.72255529228926	60.07174998538744
78.85305589121582	60.045620008627836
80.00000000000082	60.01681875558672
81.16362679500274	59.986489821703
82.34417893148023	59.9539826269052
83.541902594194	59.9216032529984
84.75704754874454	59.892702689774346
85.98986719365665	59.863750574084364
87.24061861322157	59.83503964019272
88.50956263110764	59.806413018889145
89.79696386475084	59.77744981647669
91.10309078053635	59.74806863211625
92.42821574978288	59.719069941201724
93.77261510554118	59.69248987750316
95.13656920021877	59.66591337834686
96.52036246404286	59.64061537328839
97.92428346437356	59.61555343116383
99.34862496587989	59.592382402044315
100.79368399159105	59.57104324618947
102.25976188483567	59.549619459959914
103.74716437208203	59.52826216200694
105.25620162669229	59.50663087330174
106.78718833360406	59.48396805589877
108.34044375495276	59.460785385368276
109.9162917966485	59.438678874952565
111.51506107592134	59.417268357879045
113.13708498984903	59.39565874928191
114.78270178488147	59.37460399136031
116.45225462737648	59.352854960180046
118.14609167516147	59.33401647748966
119.86456615013608	59.31469496163113
121.60803641193078	59.29550191107496
123.3768660326369	59.27605676517516
125.17142387262359	59.2547912999428
126.99208415745765	59.230386100527745
128.83922655594208	59.20499333902223
130.71323625928977	59.186008401178746
132.61450406144883	59.16619152221566
134.5434264405962	59.14562363228545
136.50040564181674	59.12418783283853
138.48584976098482	59.102726059387926
140.50017282986593	59.08202135769531
142.5437949024563	59.06022685409767
144.61714214257822	59.03439599905761
146.7206469127495	59.00755936862339
148.8547478643456	58.986001346971165
151.01989002907314	58.965912519916756
153.216524911774	58.94600967443165
155.4451105845792	58.92677655552989
157.70611178243232	58.906295596020186
160.00000000000236	58.880945237910595
162.3272535900062	58.85474247708853
164.6883578629612	58.83440660023395
167.08380518838874	58.81521409237452
169.51409509748981	58.794850921957014
171.97973438731407	58.773253914437205
174.4812372264439	58.75190385940189
177.01912526221608	58.735047142304545
179.5939277295025	58.71761518021123
182.20618156107355	58.69672259471402
184.85643149956664	58.67466855788069
187.54523021108326	58.656411226148
190.27313840043846	58.64162539799764
193.04072492808663	58.62536308213969
195.84856692874806	58.60487303204609
198.69724993176072	58.58380886490192
201.58736798318304	58.569666608785525
204.5195237696723	58.55590393131594
207.49432874416505	58.54092517088856
210.5124032533856	58.524893495690655
213.57437666720915	58.50860702353549
216.68088750990657	58.492596194187456
219.83258359329807	58.47596021439548
223.03012215184378	58.464268954202915
226.2741699796992	58.45222344360979
229.5654035697641	58.438672922174426
232.90450925475412	58.423917096884956
236.2921833503241	58.408731033392485
239.72913230027333	58.393456242410906
243.21607282386276	58.37730454534861
246.75373206527502	58.3613060174461
250.34284774524843	58.34431231742269
253.9841683149166	58.32785470762297
257.67845311188546	58.31099531230935
261.42647251858085	58.2933987807693
265.22900812289896	58.275263492176556
269.08685288119375	58.25586777767066
273.0008112836349	58.23507144761626
276.97169952197106	58.212906978442035
281.00034565973334	58.18928008379381
285.0875898049141	58.16416986601687
289.23428428515797	58.13908540397476
293.44129382550057	58.11442870858156
297.7094957286928	58.088668644461286
302.0397800581479	58.064334068650396
306.4330498235497	58.03846009311639
310.89022116916016	58.029007232922105
315.41222356486645	58.02238722138942
320.00000000000654	58.01877797717798
324.6545071800142	58.01825393938722
329.3767157259242	58.01243764071178
334.16761037677935	57.98743168032926
339.02819019498156	57.96110014617535
343.95946877463007	57.950604502445074
348.9624744528898	57.941568690024866
354.03825052443415	57.93373592731944
359.187855459007	57.926767572797154
364.4123631221491	57.91269786520379
369.71286299913527	57.87872264439917
375.0904604221685	57.84398713544688
380.54627680087896	57.833662593080575
386.08144985617537	57.82476632880787
391.6971338574982	57.81357952464155
397.3944998635236	57.80102754244712
403.1747359663683	57.78259036145354
409.0390475393468	57.75127514494121
414.9886574883323	57.71974214074426
421.0248065067734	57.710901789899026
427.1487533344206	57.702051482121824
433.3617750198154	57.68829019629668
439.6651671865984	57.67216714541943
446.06024430368984	57.651461602987474
452.54833995940066	57.623242822027244
459.13080713953053	57.595802129796496
465.8090185095106	57.58601778074637
472.58436670065066	57.57597829151186
479.45826460054917	57.565659192616785
486.432145647728	57.5550244865443
493.50746413055253	57.53626652462079
500.6856954904994	57.5070920075181
507.9683366298358	57.478381465223414
515.3569062237735	57.45743493168801
522.8529450371643	57.435515539574574
530.4580162458005	57.419392541308
538.1737057623901	57.403658832609544
546.0016225672724	57.38669169289975
553.9433990439449	57.3685202493628
562.0006913194694	57.349336968690736
570.1751796098309	57.3295387913431
578.4685685703187	57.309723208493466
586.8825876510039	57.29060316947988
595.4189914573883	57.27282954053272
604.0795601162986	57.25676925301759
612.8660996471021	57.24234379505482
621.780442338323	57.229021864666315
630.8244471297356	57.215969293092655
640.0000000000159	57.20226587174654
649.3090143600314	57.18708367616756
658.7534314518515	57.16977870167608
668.3352207535618	57.149913247335995
678.0563803899662	57.127257539549824
687.9189375492632	57.104455876522835
697.9249489057827	57.084767441735046
708.0765010488715	57.06342466732668
718.3757109180171	57.050291653946005
728.8247262443015	57.037671837025194
739.425725998274	57.01405254276154
750.1809208443404	56.9876260829691
761.0925536017613	56.96456406425009
772.1628997123541	56.94526503022917
783.3942677149998	56.93102659719947
794.7889997270506	56.93548725798198
806.34947193274	56.94320852678582
818.0780950786972	56.94778094590055
829.9773149766683	56.952588111405845
842.0496130135506	56.954471377546426
854.2975066688449	56.95215521805006
866.7235500396347	56.950933291695215
879.3303343732008	56.95177236108986
892.1204886073838	56.95390415244223
905.0966799188055	56.98082871900724
918.2616142790653	57.013852253451134
931.6180370190256	57.048878492380894
945.1687334013056	57.08484732396959
958.9165292011028	57.123914534731725
972.8642912954606	57.176983047387
987.0149282611097	57.22803952718896
1001.3713909810035	57.295509080863035
1015.9366732596762	57.36299350143554
1030.7138124475518	57.43991513775244
1045.7058900743334	57.52315044249414
1060.916032491606	57.60834756173503
1076.3474115247852	57.69979540050666
1092.0032451345498	57.792451901426936
1107.8867980878947	57.89298925028436
1124.0013826389438	57.99679705841811
1140.350359219667	58.102664468816215
1156.9371371406426	58.212119415187736
1173.765175302013	58.326874316753205
1190.837982914782	58.447117167495676
1208.1591202326028	58.5707160081452
1225.73219929421	58.692342158948755
1243.5608846766518	58.8161437311376
1261.648894259477	58.93996174064895
1280.0000000000375	59.06423827491353
1298.6180287200684	59.18752266871337
1317.5068629037087	59.309426763998296
1336.6704415071292	59.43099544246136
1356.112760779938	59.550247333765036
1375.8378750985323	59.669984433314646
1395.8498978115715	59.78568062619518
1416.153002097749	59.90175735463223
1436.7514218360407	60.01758921801767
1457.6494524886093	60.134042255291064
1478.8514519965543	60.25151181537846
1500.3618416886875	60.367838961059476
1522.1851072035295	60.48755291121587
1544.3257994247153	60.608049992055534
1566.788535430007	60.73256224300063
1589.5779994541087	60.85781465011742
1612.6989438654878	60.98565071643956
1636.156190157402	61.116855924853596
1659.9546299533442	61.25039428165803
1684.099226027109	61.387776420517824
1708.5950133376978	61.52372396148525
1733.4471000792773	61.663080340036075
1758.6606687464096	61.810186911281114
1784.2409772147755	61.9615782044816
1810.193359837619	62.11005034609424
1836.5232285581387	62.25393614286972
1863.2360740380593	62.399948859135314
1890.3374668026197	62.550588444578764
1917.833058402214	62.702471710962726
1945.7285825909298	62.843516970342314
1974.0298565222283	62.983270572066395
2002.7427819620161	63.12604350367451
2031.8733465193618	63.271647626765635
2061.4276248951132	63.41594797543317
2091.411780148677	63.55354535255743
2121.832064983222	63.69267104922857
2152.694823049581	63.83272017643531
2184.0064902691106	63.974804499610244
2215.7735961758003	64.11555353257899
2248.002765277899	64.25657117404053
2280.7007184393456	64.39828002900252
2313.874274281297	64.53848906029211
2347.530350604038	64.67883990028061
2381.6759658295764	64.8140552229176
2416.318240465218	64.94458236956297
2451.4643985884327	65.06140664322398
2487.1217693533167	65.16565787159128
2523.2977885189675	65.25871800188224
2560.0000000000887	65.34186693803237
2597.236057440151	65.41671364696238
2635.0137258074315	65.47848408928964
2673.340883014273	65.54109858811934
2712.225521559891	65.6050704882423
2751.6757501970797	65.67164152803551
2791.699795623158	65.73157681762072
2832.3060041955137	65.78122794265104
2873.502843672097	65.81946783647544
2915.2989049772345	65.83418097973097
2957.7029039931244	65.83978768696002
3000.723683377391	65.81906322350021
3044.370214407075	65.7977399600572
3088.6515988494466	65.76047854910433
3133.57707086003	65.7203372912898
3179.1559989082334	65.67948558056689
3225.3978877309914	65.61659327522605
3272.3123803148205	65.57098936484104
3319.9092599067053	65.48006840393175
3368.198452054235	65.40376989671717
3417.190026675413	65.30267999945845
3466.8942001585724	65.19442425809643
3517.3213374928373	65.08467694021881
3568.4819544295697	64.96087329933141
3620.386719675257	64.8409964239867
3673.0464571162966	64.70307063184839
3726.472148076138	64.56322362145056
3780.6749336052594	64.42036961916068
3835.6661168044484	64.2704794208716
3891.45716518188	64.11620060267775
3948.059713044477	63.95995464984179
4005.4855639240527	63.792006927035885
4063.746693038744	63.62180686841522
4122.855249790247	63.442341876339846
4182.823560297375	63.260908205148446
4243.664129966465	63.07795086732339
4305.389646099183	62.90059822516969
4368.012980538242	62.73336528463028
4431.5471923516225	62.56751327330479
4496.00553055582	62.40552096553959
4561.401436878714	62.24101979771455
4627.748548562617	62.084710876799974
4695.060701208099	61.92576540877859
4763.351931659176	61.76331193149934
4832.63648093046	61.59817744547661
4902.928797176889	61.42663302077609
4974.243538706657	61.267705152756555
5046.595577037959	61.101333641232394
5120.000000000202	60.941331718624355
5194.472114880326	60.77969692949705
5270.027451614888	60.61845788901884
5346.6817660285715	60.459637706040866
5424.451043119808	60.30236213836233
5503.351500394186	60.158676311068426
5583.399591246343	60.01859194681036
5664.612008391055	59.888548439731316
5747.005687344222	59.76809490723786
5830.597809954497	59.66264550042908
5915.405807986278	59.574309764872005
6001.447366754812	59.50188193229456
6088.740428814181	59.44821663083303
6177.303197698925	59.40781672808876
6267.154141720092	59.37775537505819
6358.3119978165005	59.35128620768
6450.795775462017	59.326661267132714
6544.624760629676	59.29528909846149
6639.818519813445	59.26264847477673
6736.396904108505	59.26236335902714
6834.380053350861	59.244738779128056
6933.788400317181	59.24375133602111
7034.642674985712	59.23671524855846
7136.963908859177	59.230007383257366
7240.773439350552	59.22455767172758
7346.092914232631	59.22128935371883
7452.944296152315	59.22417295135787
7561.349867210557	59.226166100553584
7671.332233608935	59.20769292295375
7782.914330363799	59.18435487402723
7896.119426088994	59.15736626174742
8010.971127848146	59.12639070089081
8127.49338607753	59.09184369458358
8245.710499580537	59.05959368226857
8365.647120594791	59.040802376110534
8487.328259932974	58.98649313974848
8610.77929219841	58.954866928539026
8736.025961076528	58.898595321748964
8863.094384703289	58.83336339966333
8992.011061111683	58.76210730518597
9122.802873757471	58.677078979776766
9255.497097125279	58.579920042488844
9390.121402416245	58.4930376551916
9526.7038633184	58.39733134952292
9665.272961860968	58.30286294093074
9805.857594353829	58.207538784476455
9948.487077413367	58.11142747227035
10093.19115407597	58.015195953501916
10240.000000000457	57.91935945808103
10388.944229760706	57.82983805621361
10540.05490322983	57.73923621414737
10693.363532057198	57.654933632396165
10848.902086239672	57.570803466634736
11006.703000788428	57.48891084668611
11166.799182492743	57.409131442255934
11329.224016782166	57.32916981985896
11494.0113746885	57.25542131908889
11661.195619909053	57.17954171759062
11830.811615972614	57.114077807632135
12002.894733509682	57.04852110404864
12177.48085762842	56.98416132765952
12354.606395397908	56.9204767340969
12534.308283440243	56.857982281750616
12716.62399563306	56.80439172639104
12901.591550924093	56.74899423795324
13089.249521259411	56.69689229683567
13279.637039626952	56.64361941299924
13472.793808217073	56.59409772968555
13668.760106701786	56.54673973696747
13867.576800634426	56.499866845853454
14069.285349971487	56.45636366550552
14273.927817718419	56.41182763808751
14481.54687870117	56.37236835331527
14692.18582846533	56.332378731195455
14905.888592304698	56.28885371389417
15122.699734421185	56.24325758716391
15342.664467217943	56.20056832493501
15565.828660727671	56.16415679787755
15792.238852178061	56.127767883384685
16021.942255696367	56.089453983943784
16254.986772155136	56.05156251643061
16491.42099916115	56.02027506256421
16731.294241189662	55.99238790597936
16974.65651986603	55.962950488521194
17221.558584396902	55.93070036959127
17472.051922153143	55.90090731928315
17726.188769406665	55.88196640589193
17984.022122223458	55.865480317556845
18245.605747515034	55.84730638795371
18510.99419425065	55.83088724541605
18780.242804832582	55.82125725492101
19053.40772663689	55.81961475147751
19330.545923722028	55.8220284178351
19611.71518870775	55.82647728480432
19896.974154826825	55.836496613877735
20186.382308152035	55.85673995599016