20	66.19444825404342
20.290906698750476	66.1967282005221
20.586044732869844	66.20249388475521
20.885475648548283	66.21219800117503
21.189261887185914	66.2243449448273
21.49746679841394	66.2388454612032
21.810154653305165	66.25461368919952
22.12739065777668	66.27110320166476
22.449240966187475	66.28789282674762
22.77577269513385	66.30412981569735
23.107053937445478	66.32010086054791
23.44315377638505	66.33475273712654
23.784142300054445	66.34861872006854
24.130090616010463	66.36089841776663
24.481070866093134	66.37182604345274
24.837156241469714	66.38119516091993
25.1984209978975	66.38881705747285
25.56494047120865	66.39508265431724
25.936791093020236	66.39938937896096
26.3140504066728	66.40270114496977
26.69679708340074	66.404240264176
27.08511093873791	66.40474880739374
27.47907294916184	66.40397427710099
27.878765268980047	66.4021393058668
28.284271247461966	66.3994730075153
28.695675446220072	66.39565293203265
29.11306365684382	66.39137635412877
29.536522918790062	66.38591262111962
29.966141537533712	66.38004932806791
30.402009102982383	66.37318647432014
30.844216508158908	66.365724536129
31.29285596815558	66.35758140740514
31.74802103936409	66.34865977793109
32.20980663898519	66.3393954893618
32.67830906482211	66.3291928833161
33.153626015361866	66.3189837544707
33.63585661014871	66.30792215504589
34.125101410453844	66.29666509610594
34.62146244024586	66.28485828892727
35.12504320746613	66.27262629323118
35.635948725613716	66.26010005150431
36.15428553564419	66.24704033295012
36.68016172818701	66.2349327569562
37.21368696608603	66.22195484902213
37.754972507267915	66.20776219420515
38.30413122794313	66.19253980616936
38.86127764614443	66.17678670960865
39.4265279456077	66.16032692356575
40.000000000000206	66.142967798923
40.58181339750116	66.12504081828673
41.1720894657399	66.10585079338128
41.77095129709678	66.08623593007609
42.37852377437204	66.06526345975453
42.9949335968281	66.04352400559125
43.62030930661056	66.02060974819719
44.25478131555359	65.99661740154004
44.89848193237519	65.97166602569074
45.55154539026795	65.94553305210064
46.21410787489121	65.9197307605461
46.88630755277036	65.89249208338225
47.56828460010916	65.86354203088382
48.260181232021196	65.83315208932578
48.962141732186545	65.80192057884315
49.674312482939705	65.76977759807255
50.39684199579528	65.73664928823925
51.129880942417586	65.70298477903314
51.873582186040764	65.66821141414155
52.628100813345895	65.63328739424082
53.393594166801776	65.59738974683526
54.17022187747612	65.56121449079987
54.95814589832399	65.52444032695333
55.75753053796041	65.48723864900742
56.56854249492426	65.44977694091938
57.39135089244048	65.41169261517447
58.226127313687975	65.3736278597477
59.073045837580466	65.33480255044081
59.932283075067765	65.2959397753566
60.804018205965114	65.25633942826192
61.68843301631817	65.21628842827822
62.58571193631152	65.17554273942304
63.49604207872855	65.1338285100385
64.41961327797075	65.09136431301661
65.35661812964459	65.04733567729457
66.3072520307241	65.00245013089469
67.27171322029778	64.95564575042678
68.25020282090806	64.90740529486808
69.2429248804921	64.85722940417426
70.25008641493265	64.80516926907066
71.27189745122783	64.75132876101353
72.30857107128878	64.69535387471906
73.36032345637442	64.63795692409794
74.42737393217246	64.57849444508169
75.50994501453623	64.51788115405287
76.60826245588666	64.45564991813991
77.72255529228926	64.39236114657619
78.85305589121582	64.32806386810373
80.00000000000082	64.2627977326189
81.16362679500274	64.19709480358304
82.34417893148023	64.13045474209594
83.541902594194	64.06387852202573
84.75704754874454	63.996575004738744
85.98986719365665	63.92925976183569
87.24061861322157	63.86161379825483
88.50956263110764	63.7938175437257
89.79696386475084	63.72603777693122
91.10309078053635	63.65810248238157
92.42821574978288	63.59152502833452
93.77261510554118	63.524551337261926
95.13656920021877	63.45689364783585
96.52036246404286	63.388801665527495
97.92428346437356	63.32083888018699
99.34862496587989	63.25287888412297
100.79368399159105	63.18479768547439
102.25976188483567	63.116970075614724
103.74716437208203	63.04875833384988
105.25620162669229	62.98103611207636
106.78718833360406	62.912903705688834
108.34044375495276	62.84498143220009
109.9162917966485	62.77686238533603
111.51506107592134	62.708653928694844
113.13708498984903	62.64045223511457
114.78270178488147	62.57202841455424
116.45225462737648	62.50483408589839
118.14609167516147	62.43706831962724
119.86456615013608	62.3683985503418
121.60803641193078	62.29903723210973
123.3768660326369	62.22951670339073
125.17142387262359	62.15968220718748
126.99208415745765	62.08939250721098
128.83922655594208	62.01900411326435
130.71323625928977	61.94786821340106
132.61450406144883	61.87684043536858
134.5434264405962	61.80500124708366
136.50040564181674	61.732941070972444
138.48584976098482	61.660205352680215
140.50017282986593	61.58684355952912
142.5437949024563	61.512873757992395
144.61714214257822	61.43780714139524
146.7206469127495	61.36215203721884
148.8547478643456	61.28503978968701
151.01989002907314	61.20715303727378
153.216524911774	61.12780311642928
155.4451105845792	61.0473980104712
157.70611178243232	60.96589932713844
160.00000000000236	60.88338036409231
162.3272535900062	60.800513787180215
164.6883578629612	60.71708989150128
167.08380518838874	60.63452136869834
169.51409509748981	60.55257152021681
171.97973438731407	60.47262330717023
174.4812372264439	60.39509240696752
177.01912526221608	60.32093480941419
179.5939277295025	60.25101884706085
182.20618156107355	60.18554109152489
184.85643149956664	60.12536395135138
187.54523021108326	60.06947826629355
190.27313840043846	60.017789169404196
193.04072492808663	59.968171773584196
195.84856692874806	59.91914536659294
198.69724993176072	59.86875444312675
201.58736798318304	59.81567961608384
204.5195237696723	59.7600979868776
207.49432874416505	59.70221323739468
210.5124032533856	59.64437928936639
213.57437666720915	59.587329877123274
216.68088750990657	59.53305643726872
219.83258359329807	59.48206854524292
223.03012215184378	59.43497441524177
226.2741699796992	59.39203277486134
229.5654035697641	59.35300520676511
232.90450925475412	59.31921245506236
236.2921833503241	59.28872762351062
239.72913230027333	59.26108877437899
243.21607282386276	59.236395362802995
246.75373206527502	59.2150663215289
250.34284774524843	59.19680558068243
253.9841683149166	59.18131343636066
257.67845311188546	59.168729735416484
261.42647251858085	59.15816351348438
265.22900812289896	59.1501809561031
269.08685288119375	59.14357128109221
273.0008112836349	59.13864137447667
276.97169952197106	59.134669776271174
281.00034565973334	59.13150116511054
285.0875898049141	59.1289893854926
289.23428428515797	59.126740365418485
293.44129382550057	59.12604851068285
297.7094957286928	59.12504234898759
302.0397800581479	59.12334943788469
306.4330498235497	59.121188023402
310.89022116916016	59.119128648813756
315.41222356486645	59.117068127526345
320.00000000000654	59.114960984858925
324.6545071800142	59.11325767594379
329.3767157259242	59.111442679393235
334.16761037677935	59.110501261052214
339.02819019498156	59.10967711486215
343.95946877463007	59.1097404908192
348.9624744528898	59.11041227956171
354.03825052443415	59.11193950967424
359.187855459007	59.114496027491356
364.4123631221491	59.117716216605544
369.71286299913527	59.122109610795526
375.0904604221685	59.126670135816454
380.54627680087896	59.131743509705494
386.08144985617537	59.136080322486464
391.6971338574982	59.139401530458684
397.3944998635236	59.14094785898632
403.1747359663683	59.140248798504295
409.0390475393468	59.137680462600564
414.9886574883323	59.133011754610486
421.0248065067734	59.12772946167349
427.1487533344206	59.12162516812606
433.3617750198154	59.115917834455104
439.6651671865984	59.1106111442769
446.06024430368984	59.10608667750738
452.54833995940066	59.10254531047687
459.13080713953053	59.099622144665965
465.8090185095106	59.097865480951974
472.58436670065066	59.096424533272476
479.45826460054917	59.095960798149044
486.432145647728	59.09569871277117
493.50746413055253	59.09592877284463
500.6856954904994	59.09639628972992
507.9683366298358	59.096898841438886
515.3569062237735	59.0977084575777
522.8529450371643	59.09813544994503
530.4580162458005	59.09897777282734
538.1737057623901	59.09930151597064
546.0016225672724	59.09970671571922
553.9433990439449	59.09975167492973
562.0006913194694	59.09956045231097
570.1751796098309	59.099222386679635
578.4685685703187	59.0983767469545
586.8825876510039	59.09764463531714
595.4189914573883	59.09629906553059
604.0795601162986	59.09620277331531
612.8660996471021	59.09586798069078
621.780442338323	59.09488963341264
630.8244471297356	59.09340004419616
640.0000000000159	59.091897699616375
649.3090143600314	59.090841525263976
658.7534314518515	59.089728257308685
668.3352207535618	59.08952529788135
678.0563803899662	59.08945388118131
687.9189375492632	59.09024404510145
697.9249489057827	59.09154848447126
708.0765010488715	59.09355436222864
718.3757109180171	59.09636895768751
728.8247262443015	59.09961415954461
739.425725998274	59.10384903086406
750.1809208443404	59.10825236793806
761.0925536017613	59.11456271215301
772.1628997123541	59.12113168242622
783.3942677149998	59.121734761503575
794.7889997270506	59.11790347608461
806.34947193274	59.12119748064554
818.0780950786972	59.14162843685877
829.9773149766683	59.16225532444799
842.0496130135506	59.213534017523244
854.2975066688449	59.26469880319061
866.7235500396347	59.30903854507722
879.3303343732008	59.350542781489395
892.1204886073838	59.39350301371044
905.0966799188055	59.43834885557015
918.2616142790653	59.483246048965086
931.6180370190256	59.53104164732637
945.1687334013056	59.57810758057857
958.9165292011028	59.61536941362857
972.8642912954606	59.650357381096384
987.0149282611097	59.69044814337819
1001.3713909810035	59.73383709447686
1015.9366732596762	59.77639818114794
1030.7138124475518	59.818308412998746
1045.7058900743334	59.859215891137794
1060.916032491606	59.89840046726329
1076.3474115247852	59.936613991192566
1092.0032451345498	59.975094161038754
1107.8867980878947	60.01313464379464
1124.0013826389438	60.05319890596577
1140.350359219667	60.09607066605363
1156.9371371406426	60.13933164558488
1173.765175302013	60.18721914116333
1190.837982914782	60.234744571902105
1208.1591202326028	60.281885252339976
1225.73219929421	60.32881349758069
1243.5608846766518	60.38049923168786
1261.648894259477	60.43561069964369
1280.0000000000375	60.49258027083466
1298.6180287200684	60.553673330129136
1317.5068629037087	60.61526519334811
1336.6704415071292	60.68134961845824
1356.112760779938	60.74805746913053
1375.8378750985323	60.81919000220658
1395.8498978115715	60.89248878639813
1416.153002097749	60.97046754383709
1436.7514218360407	61.05411878239261
1457.6494524886093	61.13865086353006
1478.8514519965543	61.223080795681284
1500.3618416886875	61.30871972657896
1522.1851072035295	61.400565559895895
1544.3257994247153	61.494466557224825
1566.788535430007	61.59153148670118
1589.5779994541087	61.691281582845704
1612.6989438654878	61.79156418622091
1636.156190157402	61.891134584217724
1659.9546299533442	61.992231807628585
1684.099226027109	62.0940676520741
1708.5950133376978	62.19749128311089
1733.4471000792773	62.304492808022594
1758.6606687464096	62.41386659302211
1784.2409772147755	62.52334743994157
1810.193359837619	62.63257693705961
1836.5232285581387	62.74311212272198
1863.2360740380593	62.853400138826956
1890.3374668026197	62.9653856894019
1917.833058402214	63.07805339384119
1945.7285825909298	63.192300239953184
1974.0298565222283	63.30753917458753
2002.7427819620161	63.42401194590941
2031.8733465193618	63.540349745065726
2061.4276248951132	63.6541798782639
2091.411780148677	63.76962767205342
2121.832064983222	63.88322068861427
2152.694823049581	63.99850002631779
2184.0064902691106	64.12164406380118
2215.7735961758003	64.24879912591115
2248.002765277899	64.37869427976345
2280.7007184393456	64.5115532993137
2313.874274281297	64.65023222416556
2347.530350604038	64.81041801113531
2381.6759658295764	64.97291993212147
2416.318240465218	65.14378101710825
2451.4643985884327	65.3179135894936
2487.1217693533167	65.49765179433922
2523.2977885189675	65.68208411784934
2560.0000000000887	65.86879963161107
2597.236057440151	66.05738671726982
2635.0137258074315	66.24853988086421
2673.340883014273	66.43761833578002
2712.225521559891	66.62938402690227
2751.6757501970797	66.82020882420994
2791.699795623158	67.01243986675935
2832.3060041955137	67.19533640284695
2873.502843672097	67.36622713472755
2915.2989049772345	67.53355250712961
2957.7029039931244	67.67361936773077
3000.723683377391	67.81563400078718
3044.370214407075	67.94291012069876
3088.6515988494466	68.06971775722086
3133.57707086003	68.17007541949
3179.1559989082334	68.2526825496266
3225.3978877309914	68.3064501060161
3272.3123803148205	68.2944842030324
3319.9092599067053	68.28011086760935
3368.198452054235	68.18756901698892
3417.190026675413	68.09357098932966
3466.8942001585724	67.9693846582071
3517.3213374928373	67.83318633678064
3568.4819544295697	67.69047184759175
3620.386719675257	67.54024924036551
3673.0464571162966	67.38514168222599
3726.472148076138	67.21497963548575
3780.6749336052594	67.04222499577025
3835.6661168044484	66.87308190443608
3891.45716518188	66.70217883171132
3948.059713044477	66.53430315957249
4005.4855639240527	66.36765985005566
4063.746693038744	66.2010031214226
4122.855249790247	66.03737540892459
4182.823560297375	65.87150746960324
4243.664129966465	65.71207243045853
4305.389646099183	65.55019943034542
4368.012980538242	65.39705883461572
4431.5471923516225	65.24548090317846
4496.00553055582	65.09996052545488
4561.401436878714	64.96222398848244
4627.748548562617	64.82563834552279
4695.060701208099	64.70283517736846
4763.351931659176	64.57813021416695
4832.63648093046	64.4744200656923
4902.928797176889	64.37204978996184
4974.243538706657	64.28314932165412
5046.595577037959	64.20293106397054
5120.000000000202	64.12796844674301
5194.472114880326	64.06609772835004
5270.027451614888	64.00353101051357
5346.6817660285715	63.95023556706351
5424.451043119808	63.89605720205443
5503.351500394186	63.84686559830102
5583.399591246343	63.79888818167229
5664.612008391055	63.75418359078845
5747.005687344222	63.71356749669454
5830.597809954497	63.67209593688108
5915.405807986278	63.62913960867994
6001.447366754812	63.58545849423283
6088.740428814181	63.53921195851178
6177.303197698925	63.49196201429782
6267.154141720092	63.46442228126485
6358.3119978165005	63.45001749440547
6450.795775462017	63.434353251133665
6544.624760629676	63.416291794709046
6639.818519813445	63.398682266879476
6736.396904108505	63.405862997296055
6834.380053350861	63.41305915717524
6933.788400317181	63.4586438165419
7034.642674985712	63.51797887234249
7136.963908859177	63.621877039580276
7240.773439350552	63.77891397125601
7346.092914232631	63.94958174318743
7452.944296152315	64.17700034467516
7561.349867210557	64.40764656235822
7671.332233608935	64.57932137007833
7782.914330363799	64.74561043097786
7896.119426088994	64.77199023264465
8010.971127848146	64.70465820685982
8127.49338607753	64.49289874895535
8245.710499580537	63.96869200873321
8365.647120594791	63.37025277964157
8487.328259932974	62.83984858378411
8610.77929219841	62.403226925056146
8736.025961076528	62.110144616807375
8863.094384703289	61.863808878774705
8992.011061111683	61.65409753269892
9122.802873757471	61.46128985914596
9255.497097125279	61.27084422782921
9390.121402416245	61.08601410057823
9526.7038633184	60.89963251928116
9665.272961860968	60.721515313194466
9805.857594353829	60.5407484999233
9948.487077413367	60.372921253520204
10093.19115407597	60.20621486850073
10240.000000000457	60.044384951146824
10388.944229760706	59.88678222703982
10540.05490322983	59.732449936057705
10693.363532057198	59.59353227965174
10848.902086239672	59.45254262702454
11006.703000788428	59.32083401985866
11166.799182492743	59.187680732577405
11329.224016782166	59.06437326954344
11494.0113746885	58.94506573061605
11661.195619909053	58.8287436042481
11830.811615972614	58.718335796397184
12002.894733509682	58.60724508580294
12177.48085762842	58.50325931500988
12354.606395397908	58.39771820269796
12534.308283440243	58.295418806997276
12716.62399563306	58.192695181944835
12901.591550924093	58.09151802496872
13089.249521259411	57.99159187778986
13279.637039626952	57.8924433091707
13472.793808217073	57.798914187536745
13668.760106701786	57.703987598676406
13867.576800634426	57.60721225643206
14069.285349971487	57.5089747027927
14273.927817718419	57.412279007164564
14481.54687870117	57.31561646940761
14692.18582846533	57.218298525594115
14905.888592304698	57.120782740800074
15122.699734421185	57.02214717378388
15342.664467217943	56.92499177739863
15565.828660727671	56.82639235212199
15792.238852178061	56.73193882095259
16021.942255696367	56.637355268542954
16254.986772155136	56.543035686957545
16491.42099916115	56.448802761250995
16731.294241189662	56.35394036591726
16974.65651986603	56.26005731830123
17221.558584396902	56.164781563412234
17472.051922153143	56.067660887704406
17726.188769406665	55.96908293384014
17984.022122223458	55.87124906916018
18245.605747515034	55.77303991554517
18510.99419425065	55.674179788847944
18780.242804832582	55.57512898000634
19053.40772663689	55.474952642712836
19330.545923722028	55.37627254248076
19611.71518870775	55.27613301578711
19896.974154826825	55.17722172184921
20186.382308152035	55.077456698565484