20	66.40969996934557
20.290906698750476	66.42309072711757
20.586044732869844	66.4369850067776
20.885475648548283	66.45140603648076
21.189261887185914	66.46643929125041
21.49746679841394	66.4820326955733
21.810154653305165	66.4982022596587
22.12739065777668	66.51496717087755
22.449240966187475	66.52483243808652
22.77577269513385	66.52948997081494
23.107053937445478	66.53786082238538
23.44315377638505	66.55473200587159
23.784142300054445	66.57210907365112
24.130090616010463	66.58187399118805
24.481070866093134	66.59213113005741
24.837156241469714	66.6066640393936
25.1984209978975	66.623076176237
25.56494047120865	66.63622572842142
25.936791093020236	66.64529390763533
26.3140504066728	66.6555728507693
26.69679708340074	66.6703920386158
27.08511093873791	66.68537893435995
27.47907294916184	66.69094812301411
27.878765268980047	66.695295983669
28.284271247461966	66.70648308764262
28.695675446220072	66.72164462680608
29.11306365684382	66.73233144891512
29.536522918790062	66.73474602618586
29.966141537533712	66.73646268191476
30.402009102982383	66.73904304451476
30.844216508158908	66.74063698249923
31.29285596815558	66.74171420218698
31.74802103936409	66.7418309633916
32.20980663898519	66.73745401407375
32.67830906482211	66.72865870989159
33.153626015361866	66.71962597993479
33.63585661014871	66.71275701077543
34.125101410453844	66.70463027530114
34.62146244024586	66.69717979480671
35.12504320746613	66.68862876270754
35.635948725613716	66.6745653722062
36.15428553564419	66.65731933685716
36.68016172818701	66.63943760159135
37.21368696608603	66.62124710299828
37.754972507267915	66.60227023587925
38.30413122794313	66.58250703763787
38.86127764614443	66.56228641645305
39.4265279456077	66.54468599393462
40.000000000000206	66.52751173595418
40.58181339750116	66.50615418036004
41.1720894657399	66.4817046744953
41.77095129709678	66.45922687193276
42.37852377437204	66.44140059842658
42.9949335968281	66.42404025322452
43.62030930661056	66.40360927673964
44.25478131555359	66.3838015487172
44.89848193237519	66.36469816477333
45.55154539026795	66.3463081572568
46.21410787489121	66.32921005693582
46.88630755277036	66.31349640106507
47.56828460010916	66.29735333985082
48.260181232021196	66.27687255001372
48.962141732186545	66.25672140285874
49.674312482939705	66.24028597884876
50.39684199579528	66.2242598952275
51.129880942417586	66.20595372063075
51.873582186040764	66.18594985002368
52.628100813345895	66.16542247745193
53.393594166801776	66.14430735437679
54.17022187747612	66.1220577404163
54.95814589832399	66.09688526029153
55.75753053796041	66.07055537321486
56.56854249492426	66.043543535982
57.39135089244048	66.01561364953491
58.226127313687975	65.98647190920249
59.073045837580466	65.95628236307788
59.932283075067765	65.92536644166871
60.804018205965114	65.89358524740875
61.68843301631817	65.86142895020579
62.58571193631152	65.82852769730312
63.49604207872855	65.79526930715404
64.41961327797075	65.76136537033585
65.35661812964459	65.72682855213922
66.3072520307241	65.69151423309701
67.27171322029778	65.65520486791023
68.25020282090806	65.6180339652316
69.2429248804921	65.58063117931877
70.25008641493265	65.54204580248344
71.27189745122783	65.50110272775288
72.30857107128878	65.45876691176805
73.36032345637442	65.41327022254262
74.42737393217246	65.36522916104046
75.50994501453623	65.31747556283368
76.60826245588666	65.27180579184059
77.72255529228926	65.22569900221774
78.85305589121582	65.17362498644896
80.00000000000082	65.12146874040317
81.16362679500274	65.07231524299883
82.34417893148023	65.02440920410714
83.541902594194	64.9763764652824
84.75704754874454	64.92815775739575
85.98986719365665	64.87983626520723
87.24061861322157	64.83012963720243
88.50956263110764	64.78050771659122
89.79696386475084	64.72927745441292
91.10309078053635	64.67770331063979
92.42821574978288	64.62706014559028
93.77261510554118	64.57669872388799
95.13656920021877	64.52390004971639
96.52036246404286	64.46685333773257
97.92428346437356	64.40900424286471
99.34862496587989	64.35420997982862
100.79368399159105	64.29788694732787
102.25976188483567	64.24160275393751
103.74716437208203	64.18378787794154
105.25620162669229	64.12490058199145
106.78718833360406	64.06462102547194
108.34044375495276	64.00182145205599
109.9162917966485	63.9368354582276
111.51506107592134	63.868486208093024
113.13708498984903	63.8022930015442
114.78270178488147	63.7324738573309
116.45225462737648	63.66501169553376
118.14609167516147	63.596254352327406
119.86456615013608	63.52376452467667
121.60803641193078	63.44770329394497
123.3768660326369	63.36785588694871
125.17142387262359	63.2919599887459
126.99208415745765	63.21061058662441
128.83922655594208	63.128321414650976
130.71323625928977	63.04108704372557
132.61450406144883	62.955131038051455
134.5434264405962	62.86866053503082
136.50040564181674	62.78081303649258
138.48584976098482	62.69824480895975
140.50017282986593	62.60983654359105
142.5437949024563	62.52365250929355
144.61714214257822	62.431583013626266
146.7206469127495	62.34495559748513
148.8547478643456	62.256731649780164
151.01989002907314	62.16981538992009
153.216524911774	62.08566176177883
155.4451105845792	61.99794303565659
157.70611178243232	61.91222119817688
160.00000000000236	61.82181377582721
162.3272535900062	61.74083497237291
164.6883578629612	61.657203417306896
167.08380518838874	61.57446779040322
169.51409509748981	61.490959014468245
171.97973438731407	61.407025144347536
174.4812372264439	61.325567934992975
177.01912526221608	61.24185654306367
179.5939277295025	61.16436086529126
182.20618156107355	61.08445111298284
184.85643149956664	61.002052879934574
187.54523021108326	60.91752800717304
190.27313840043846	60.83774170473574
193.04072492808663	60.76260532249476
195.84856692874806	60.68505325194113
198.69724993176072	60.602915343399985
201.58736798318304	60.51963455844547
204.5195237696723	60.43819921751182
207.49432874416505	60.35607141011095
210.5124032533856	60.271937687987204
213.57437666720915	60.186638569885474
216.68088750990657	60.09823570398814
219.83258359329807	60.00554041089128
223.03012215184378	59.91323996376448
226.2741699796992	59.824746939495576
229.5654035697641	59.736585873146865
232.90450925475412	59.639239928480606
236.2921833503241	59.54085485515675
239.72913230027333	59.448762591844854
243.21607282386276	59.36210186580215
246.75373206527502	59.27432011502958
250.34284774524843	59.181531619911176
253.9841683149166	59.091358126137685
257.67845311188546	59.00283069730203
261.42647251858085	58.917973027470225
265.22900812289896	58.83802118863701
269.08685288119375	58.763112697721915
273.0008112836349	58.68899530992895
276.97169952197106	58.61527688903908
281.00034565973334	58.54770990750607
285.0875898049141	58.48664284547998
289.23428428515797	58.43231566300022
293.44129382550057	58.394621142467216
297.7094957286928	58.36492436715911
302.0397800581479	58.344055042061875
306.4330498235497	58.33092572459171
310.89022116916016	58.32291380614809
315.41222356486645	58.318614796688884
320.00000000000654	58.31963562631991
324.6545071800142	58.329173214496684
329.3767157259242	58.34260092825862
334.16761037677935	58.361764010831365
339.02819019498156	58.384390171058556
343.95946877463007	58.411495204270956
348.9624744528898	58.44256154446096
354.03825052443415	58.475594551981175
359.187855459007	58.511075816519416
364.4123631221491	58.54752498013209
369.71286299913527	58.586086205467915
375.0904604221685	58.62517377541353
380.54627680087896	58.666279947325734
386.08144985617537	58.708292451028086
391.6971338574982	58.750248397943594
397.3944998635236	58.7920085437242
403.1747359663683	58.833702649997456
409.0390475393468	58.877044020164085
414.9886574883323	58.91983402629494
421.0248065067734	58.961920278014425
427.1487533344206	59.00330187141955
433.3617750198154	59.04593462400464
439.6651671865984	59.08934203594105
446.06024430368984	59.13196700155498
452.54833995940066	59.17371957770233
459.13080713953053	59.21478140812471
465.8090185095106	59.25027159102401
472.58436670065066	59.28531625685212
479.45826460054917	59.32172211685933
486.432145647728	59.35871040430866
493.50746413055253	59.39309581950788
500.6856954904994	59.42466131371503
507.9683366298358	59.457379683804355
515.3569062237735	59.49235352179293
522.8529450371643	59.529211802575794
530.4580162458005	59.56166811799932
538.1737057623901	59.596100717160176
546.0016225672724	59.62980169660425
553.9433990439449	59.664530035299336
562.0006913194694	59.70232514748973
570.1751796098309	59.74290407456805
578.4685685703187	59.78629983688069
586.8825876510039	59.82518316700169
595.4189914573883	59.86686192338238
604.0795601162986	59.9045707253734
612.8660996471021	59.94252559149964
621.780442338323	59.98349124089991
630.8244471297356	60.02698870491024
640.0000000000159	60.06845865942032
649.3090143600314	60.101449361657885
658.7534314518515	60.13436396618423
668.3352207535618	60.174709232211306
678.0563803899662	60.21499964018225
687.9189375492632	60.24861221709741
697.9249489057827	60.27865781797266
708.0765010488715	60.31215097269523
718.3757109180171	60.35114812917417
728.8247262443015	60.390011878805964
739.425725998274	60.431816945987926
750.1809208443404	60.47307542531854
761.0925536017613	60.51103046220582
772.1628997123541	60.54798374035004
783.3942677149998	60.58813009650355
794.7889997270506	60.63067380780751
806.34947193274	60.67405191568857
818.0780950786972	60.719893490363184
829.9773149766683	60.76570411360081
842.0496130135506	60.816185077916586
854.2975066688449	60.86672551366063
866.7235500396347	60.91810682975246
879.3303343732008	60.969912602416564
892.1204886073838	61.02455783765156
905.0966799188055	61.08259080250316
918.2616142790653	61.14133976502337
931.6180370190256	61.20204176543745
945.1687334013056	61.26322065132373
958.9165292011028	61.32976639283024
972.8642912954606	61.39743990488862
987.0149282611097	61.46897831768576
1001.3713909810035	61.543169866238934
1015.9366732596762	61.618600607920854
1030.7138124475518	61.69569446908407
1045.7058900743334	61.77391845195078
1060.916032491606	61.856354770583586
1076.3474115247852	61.9397759040723
1092.0032451345498	62.025919461686286
1107.8867980878947	62.113574785551094
1124.0013826389438	62.20273743778613
1140.350359219667	62.293417260742885
1156.9371371406426	62.38599392185977
1173.765175302013	62.4821195717781
1190.837982914782	62.57950935018687
1208.1591202326028	62.67979650732493
1225.73219929421	62.78149006410348
1243.5608846766518	62.88722299945572
1261.648894259477	62.99563668232237
1280.0000000000375	63.10409900882452
1298.6180287200684	63.21193523712714
1317.5068629037087	63.32156802078466
1336.6704415071292	63.43487314767473
1356.112760779938	63.54975014876434
1375.8378750985323	63.66815531305111
1395.8498978115715	63.788557812109715
1416.153002097749	63.91182926121925
1436.7514218360407	64.03772285140714
1457.6494524886093	64.16593884046105
1478.8514519965543	64.29728780711335
1500.3618416886875	64.43050462741193
1522.1851072035295	64.56606872350582
1544.3257994247153	64.7035596487342
1566.788535430007	64.83879451696639
1589.5779994541087	64.97445787485447
1612.6989438654878	65.11442615813678
1636.156190157402	65.25918151973937
1659.9546299533442	65.4051341950904
1684.099226027109	65.54926145438829
1708.5950133376978	65.695454507065
1733.4471000792773	65.83831988688392
1758.6606687464096	65.98266758038763
1784.2409772147755	66.12912803561227
1810.193359837619	66.27771747973824
1836.5232285581387	66.4237960688406
1863.2360740380593	66.56329283097283
1890.3374668026197	66.70489735492814
1917.833058402214	66.84982803043687
1945.7285825909298	66.99684763880495
1974.0298565222283	67.14310885382542
2002.7427819620161	67.2907315716183
2031.8733465193618	67.43797550202672
2061.4276248951132	67.58498436906535
2091.411780148677	67.73295751175868
2121.832064983222	67.87935720785279
2152.694823049581	68.02787279353304
2184.0064902691106	68.16922748536464
2215.7735961758003	68.31225086249968
2248.002765277899	68.4574130223207
2280.7007184393456	68.60470811598448
2313.874274281297	68.74973374188602
2347.530350604038	68.89037344800617
2381.6759658295764	69.03214712428218
2416.318240465218	69.16979979877318
2451.4643985884327	69.3094457908189
2487.1217693533167	69.44312684346096
2523.2977885189675	69.57733022676179
2560.0000000000887	69.70339242448695
2597.236057440151	69.82370349882206
2635.0137258074315	69.9399967598708
2673.340883014273	70.04410889790556
2712.225521559891	70.14944269140452
2751.6757501970797	70.23989135005081
2791.699795623158	70.33164964342475
2832.3060041955137	70.40741066697962
2873.502843672097	70.47812082391786
2915.2989049772345	70.53715828823267
2957.7029039931244	70.58214315250993
3000.723683377391	70.62332322971345
3044.370214407075	70.64520088262853
3088.6515988494466	70.6673923040448
3133.57707086003	70.67072062215311
3179.1559989082334	70.672094543718
3225.3978877309914	70.66063721688236
3272.3123803148205	70.64136037803522
3319.9092599067053	70.61950323376512
3368.198452054235	70.59304321236041
3417.190026675413	70.56468881832369
3466.8942001585724	70.51665073400731
3517.3213374928373	70.46791081799782
3568.4819544295697	70.40922572359942
3620.386719675257	70.34728948049846
3673.0464571162966	70.2743384438292
3726.472148076138	70.19082734658642
3780.6749336052594	70.10073640757483
3835.6661168044484	69.99220245678056
3891.45716518188	69.88208747170444
3948.059713044477	69.7611204152366
4005.4855639240527	69.63802344729862
4063.746693038744	69.50276457334152
4122.855249790247	69.36071602877173
4182.823560297375	69.21460786664863
4243.664129966465	69.06344351195533
4305.389646099183	68.91133707737117
4368.012980538242	68.76559703218977
4431.5471923516225	68.61773544621803
4496.00553055582	68.46776651606194
4561.401436878714	68.31562258988075
4627.748548562617	68.16344895310212
4695.060701208099	68.01069893843976
4763.351931659176	67.859690774107
4832.63648093046	67.71600846423708
4902.928797176889	67.57038246692804
4974.243538706657	67.43088399419956
5046.595577037959	67.28935522987447
5120.000000000202	67.15987477090194
5194.472114880326	67.03350394348169
5270.027451614888	66.91386629358779
5346.6817660285715	66.80253441712324
5424.451043119808	66.69158398498841
5503.351500394186	66.58793460808842
5583.399591246343	66.48277664024135
5664.612008391055	66.38031100346099
5747.005687344222	66.276791792949
5830.597809954497	66.17768278797082
5915.405807986278	66.080647492088
6001.447366754812	65.98921175025811
6088.740428814181	65.90949361275844
6177.303197698925	65.83047603355728
6267.154141720092	65.77396018014204
6358.3119978165005	65.71662156061487
6450.795775462017	65.69053748302973
6544.624760629676	65.67237331358004
6639.818519813445	65.68095615594996
6736.396904108505	65.71498781815686
6834.380053350861	65.76131400270269
6933.788400317181	65.84591663645722
7034.642674985712	65.9317492664759
7136.963908859177	66.03232432742591
7240.773439350552	66.13489254950275
7346.092914232631	66.19143867186574
7452.944296152315	66.2267647914272
7561.349867210557	66.1997333093237
7671.332233608935	66.08000630557046
7782.914330363799	65.93914003915513
7896.119426088994	65.66448743592943
8010.971127848146	65.38583948429932
8127.49338607753	65.05314437352571
8245.710499580537	64.71323341550679
8365.647120594791	64.42333979193415
8487.328259932974	64.13647575682674
8610.77929219841	63.90509626756848
8736.025961076528	63.69489064092052
8863.094384703289	63.51000283525267
8992.011061111683	63.35996184114388
9122.802873757471	63.20942785684123
9255.497097125279	63.06601625287528
9390.121402416245	62.92051836986564
9526.7038633184	62.77814950908662
9665.272961860968	62.634452147522566
9805.857594353829	62.49293564796779
9948.487077413367	62.35224034996949
10093.19115407597	62.21175877560877
10240.000000000457	62.07404382872836
10388.944229760706	61.93483555720702
10540.05490322983	61.80489500832651
10693.363532057198	61.67306419491939
10848.902086239672	61.549073684094
11006.703000788428	61.42628600439903
11166.799182492743	61.30661141691611
11329.224016782166	61.19037327860268
11494.0113746885	61.07400569200472
11661.195619909053	60.96185302021995
11830.811615972614	60.848068858549254
12002.894733509682	60.75181391117501
12177.48085762842	60.65555746934268
12354.606395397908	60.558403330784074
12534.308283440243	60.46010280675393
12716.62399563306	60.365658237495325
12901.591550924093	60.27863847193913
13089.249521259411	60.19099404581176
13279.637039626952	60.10793704506693
13472.793808217073	60.0236718042987
13668.760106701786	59.9394690816969
13867.576800634426	59.85432345040448
14069.285349971487	59.7603355383055
14273.927817718419	59.65855364724011
14481.54687870117	59.550773180200736
14692.18582846533	59.428866239338625
14905.888592304698	59.30518599881807
15122.699734421185	59.16469724222179
15342.664467217943	59.021984799013026
15565.828660727671	58.86432459368168
15792.238852178061	58.699087622756224
16021.942255696367	58.52810052496122
16254.986772155136	58.35020719749766
16491.42099916115	58.17082207844721
16731.294241189662	57.99484654512676
16974.65651986603	57.81631129075716
17221.558584396902	57.65930564253142
17472.051922153143	57.50341773533277
17726.188769406665	57.365598602036336
17984.022122223458	57.23946127285233
18245.605747515034	57.11899049817015
18510.99419425065	57.012698031418296
18780.242804832582	56.906847892574234
19053.40772663689	56.843023986573115
19330.545923722028	56.81017853599367
19611.71518870775	56.81017957898786
19896.974154826825	56.81018055639268
20186.382308152035	56.81018146805537