20	62.41867117421411
20.290906698750476	62.44100836198671
20.586044732869844	62.48907986332403
20.885475648548283	62.55767077321801
21.189261887185914	62.62683185583625
21.49746679841394	62.70223104616147
21.810154653305165	62.79386684981735
22.12739065777668	62.88707023617171
22.449240966187475	62.965292366427946
22.77577269513385	63.02603218777681
23.107053937445478	63.08231512322754
23.44315377638505	63.14437644199442
23.784142300054445	63.20064823919656
24.130090616010463	63.25098108766932
24.481070866093134	63.29682277467999
24.837156241469714	63.33225656836131
25.1984209978975	63.35959832712601
25.56494047120865	63.38940948911333
25.936791093020236	63.43026592746946
26.3140504066728	63.46952728760733
26.69679708340074	63.484156366460645
27.08511093873791	63.497186220535475
27.47907294916184	63.526901484861746
27.878765268980047	63.564002346984594
28.284271247461966	63.59238902095381
28.695675446220072	63.607552230198436
29.11306365684382	63.62407602870203
29.536522918790062	63.65598569563676
29.966141537533712	63.687982134975535
30.402009102982383	63.70884515099783
30.844216508158908	63.726972479369515
31.29285596815558	63.751460822491595
31.74802103936409	63.78229526985357
32.20980663898519	63.80996908746579
32.67830906482211	63.824958586866636
33.153626015361866	63.84000371346878
33.63585661014871	63.86775195887096
34.125101410453844	63.8969036245515
34.62146244024586	63.92210404444032
35.12504320746613	63.94485666231591
35.635948725613716	63.96634927870917
36.15428553564419	63.985047714908255
36.68016172818701	64.00383230945067
37.21368696608603	64.02786930648293
37.754972507267915	64.05183793319742
38.30413122794313	64.0735311898313
38.86127764614443	64.09422270840508
39.4265279456077	64.11393238118902
40.000000000000206	64.13236925911372
40.58181339750116	64.14985816150858
41.1720894657399	64.16346658429762
41.77095129709678	64.17648624871076
42.37852377437204	64.1906520913301
42.9949335968281	64.20446543201426
43.62030930661056	64.21673315875907
44.25478131555359	64.22750373308793
44.89848193237519	64.2373179252898
45.55154539026795	64.24601268833658
46.21410787489121	64.25366237074468
46.88630755277036	64.25328914191391
47.56828460010916	64.25129307705518
48.260181232021196	64.25268980099631
48.962141732186545	64.25525313507985
49.674312482939705	64.2555835745448
50.39684199579528	64.25291774920711
51.129880942417586	64.2486021063489
51.873582186040764	64.24055357056217
52.628100813345895	64.23086851217647
53.393594166801776	64.22144633612375
54.17022187747612	64.21093032632311
54.95814589832399	64.19820369585497
55.75753053796041	64.18316096551854
56.56854249492426	64.16636594643137
57.39135089244048	64.14793656138987
58.226127313687975	64.12768491308239
59.073045837580466	64.11100523257755
59.932283075067765	64.09333437880778
60.804018205965114	64.07054194542638
61.68843301631817	64.04348932269207
62.58571193631152	64.01703730840006
63.49604207872855	63.99500499654934
64.41961327797075	63.9712969749411
65.35661812964459	63.94134707275277
66.3072520307241	63.9096286940895
67.27171322029778	63.87724267362581
68.25020282090806	63.843672943857314
69.2429248804921	63.809993748323514
70.25008641493265	63.77709162507297
71.27189745122783	63.74259210063812
72.30857107128878	63.70573236382664
73.36032345637442	63.6674080107628
74.42737393217246	63.629768632180095
75.50994501453623	63.59128488567792
76.60826245588666	63.5592927698882
77.72255529228926	63.53390875536847
78.85305589121582	63.50449332219948
80.00000000000082	63.462503205662024
81.16362679500274	63.41928605764405
82.34417893148023	63.37189848837108
83.541902594194	63.32298876624195
84.75704754874454	63.273147339040925
85.98986719365665	63.22230003299049
87.24061861322157	63.17082207866835
88.50956263110764	63.11936558654021
89.79696386475084	63.06685107914967
91.10309078053635	63.01491308955564
92.42821574978288	62.961951924689025
93.77261510554118	62.90834040546205
95.13656920021877	62.85388437236562
96.52036246404286	62.80019173444413
97.92428346437356	62.74792354589431
99.34862496587989	62.69466829370247
100.79368399159105	62.639873661328984
102.25976188483567	62.58415708767669
103.74716437208203	62.530884152951835
105.25620162669229	62.47736467426322
106.78718833360406	62.4230986462641
108.34044375495276	62.36798442663997
109.9162917966485	62.31211464067766
111.51506107592134	62.25626233048568
113.13708498984903	62.199031106587995
114.78270178488147	62.14295896698037
116.45225462737648	62.08540328796462
118.14609167516147	62.02555859754885
119.86456615013608	61.96346700481968
121.60803641193078	61.901064196177146
123.3768660326369	61.83989094710424
125.17142387262359	61.77643294362071
126.99208415745765	61.70996456274183
128.83922655594208	61.64123621058912
130.71323625928977	61.57337190529009
132.61450406144883	61.504516789340286
134.5434264405962	61.43460410972097
136.50040564181674	61.364038975057035
138.48584976098482	61.29270615993867
140.50017282986593	61.222857185680716
142.5437949024563	61.152576487062156
144.61714214257822	61.08567243568244
146.7206469127495	61.01980034182642
148.8547478643456	60.953042520684434
151.01989002907314	60.886239581901556
153.216524911774	60.822911219737776
155.4451105845792	60.76638870509022
157.70611178243232	60.71233280083888
160.00000000000236	60.6657877420989
162.3272535900062	60.622105289431076
164.6883578629612	60.577984908561696
167.08380518838874	60.53479036908372
169.51409509748981	60.496548543534374
171.97973438731407	60.464824066245455
174.4812372264439	60.43471746052364
177.01912526221608	60.4060543482475
179.5939277295025	60.378377631943316
182.20618156107355	60.35248467264773
184.85643149956664	60.32728055729416
187.54523021108326	60.305095976150774
190.27313840043846	60.2857030255891
193.04072492808663	60.26485897199922
195.84856692874806	60.23993621408822
198.69724993176072	60.213387388475205
201.58736798318304	60.19058470058528
204.5195237696723	60.16691672836358
207.49432874416505	60.14078582180535
210.5124032533856	60.113215397569014
213.57437666720915	60.08758897550872
216.68088750990657	60.066901671898485
219.83258359329807	60.04735421420045
223.03012215184378	60.03149796195542
226.2741699796992	60.017029245467114
229.5654035697641	59.99962539857787
232.90450925475412	59.98150588897168
236.2921833503241	59.96811593925619
239.72913230027333	59.960958404336345
243.21607282386276	59.95371233534368
246.75373206527502	59.94331881266987
250.34284774524843	59.93268678269562
253.9841683149166	59.92360035768955
257.67845311188546	59.91430926407573
261.42647251858085	59.904826952901445
265.22900812289896	59.89493552103126
269.08685288119375	59.88390527010169
273.0008112836349	59.87162042117939
276.97169952197106	59.85791278136826
281.00034565973334	59.84825984002922
285.0875898049141	59.83747294455004
289.23428428515797	59.82051422471258
293.44129382550057	59.7991458636988
297.7094957286928	59.7835444538268
302.0397800581479	59.781275398137886
306.4330498235497	59.777993419391365
310.89022116916016	59.786323744720725
315.41222356486645	59.79331969225203
320.00000000000654	59.79038373581686
324.6545071800142	59.78310157103295
329.3767157259242	59.77157627831928
334.16761037677935	59.7551417515643
339.02819019498156	59.73896231437176
343.95946877463007	59.73034763918232
348.9624744528898	59.720695759639526
354.03825052443415	59.70851245030906
359.187855459007	59.69511691856155
364.4123631221491	59.6824911161562
369.71286299913527	59.67034581516559
375.0904604221685	59.655057765718446
380.54627680087896	59.63237521652518
386.08144985617537	59.60880175093803
391.6971338574982	59.59436694974773
397.3944998635236	59.57953580652562
403.1747359663683	59.565936605092936
409.0390475393468	59.552600247097345
414.9886574883323	59.536088484162136
421.0248065067734	59.51468145991819
427.1487533344206	59.49252204387441
433.3617750198154	59.47020239469789
439.6651671865984	59.44705939512463
446.06024430368984	59.42919959221986
452.54833995940066	59.41228552505279
459.13080713953053	59.3936992390748
465.8090185095106	59.37335537700683
472.58436670065066	59.351629235263026
479.45826460054917	59.32663098115914
486.432145647728	59.30073512936698
493.50746413055253	59.28299980673744
500.6856954904994	59.26552436702938
507.9683366298358	59.24106060142767
515.3569062237735	59.211483656265074
522.8529450371643	59.18534740552238
530.4580162458005	59.16862332473492
538.1737057623901	59.150890235042716
546.0016225672724	59.12062111927101
553.9433990439449	59.08913183166017
562.0006913194694	59.07024903333932
570.1751796098309	59.05590583792814
578.4685685703187	59.02962083953467
586.8825876510039	58.986595806684356
595.4189914573883	58.94499145571781
604.0795601162986	58.92536706459282
612.8660996471021	58.904158745573554
621.780442338323	58.88125074307572
630.8244471297356	58.85653728067944
640.0000000000159	58.82992235971774
649.3090143600314	58.80133690420635
658.7534314518515	58.77075440696537
668.3352207535618	58.73820789390027
678.0563803899662	58.703820889471984
687.9189375492632	58.67558115945599
697.9249489057827	58.64673991436335
708.0765010488715	58.623124071063096
718.3757109180171	58.60286994912327
728.8247262443015	58.57703920391367
739.425725998274	58.54038529355253
750.1809208443404	58.506029921058655
761.0925536017613	58.487164459654224
772.1628997123541	58.47052775488939
783.3942677149998	58.45380992610747
794.7889997270506	58.438033114909004
806.34947193274	58.42153328721009
818.0780950786972	58.403274983159505
829.9773149766683	58.38847216048583
842.0496130135506	58.392428520558525
854.2975066688449	58.395264320738484
866.7235500396347	58.40090868334274
879.3303343732008	58.40588916337283
892.1204886073838	58.41122590671483
905.0966799188055	58.417309192213395
918.2616142790653	58.42701679332608
931.6180370190256	58.446146448499135
945.1687334013056	58.46821561350223
958.9165292011028	58.49916522120203
972.8642912954606	58.53422942028457
987.0149282611097	58.57828665696375
1001.3713909810035	58.62808089964583
1015.9366732596762	58.68100124765687
1030.7138124475518	58.73646601224145
1045.7058900743334	58.793243079381206
1060.916032491606	58.852658525807904
1076.3474115247852	58.91254342705285
1092.0032451345498	58.974817106338094
1107.8867980878947	59.03879168750142
1124.0013826389438	59.10287470154359
1140.350359219667	59.16812160504312
1156.9371371406426	59.23712162808504
1173.765175302013	59.30986857131728
1190.837982914782	59.38825724419566
1208.1591202326028	59.47451080791204
1225.73219929421	59.56713219113237
1243.5608846766518	59.662440335299394
1261.648894259477	59.76128456654034
1280.0000000000375	59.86470225326874
1298.6180287200684	59.97162146197324
1317.5068629037087	60.08127029427379
1336.6704415071292	60.18904232641428
1356.112760779938	60.29823883518771
1375.8378750985323	60.405392195453814
1395.8498978115715	60.51229210666854
1416.153002097749	60.618567052254576
1436.7514218360407	60.72391030898804
1457.6494524886093	60.829970628175325
1478.8514519965543	60.93718102289988
1500.3618416886875	61.04491388367945
1522.1851072035295	61.17211640286365
1544.3257994247153	61.30281114590578
1566.788535430007	61.43179952665558
1589.5779994541087	61.55949334720893
1612.6989438654878	61.685339094158564
1636.156190157402	61.806011493645926
1659.9546299533442	61.92678727421867
1684.099226027109	62.045266201782496
1708.5950133376978	62.1640763955788
1733.4471000792773	62.281732089074715
1758.6606687464096	62.39954312279766
1784.2409772147755	62.51619028184645
1810.193359837619	62.63079474792498
1836.5232285581387	62.74747328687611
1863.2360740380593	62.86732155310695
1890.3374668026197	62.98961656055839
1917.833058402214	63.11029623004393
1945.7285825909298	63.23244530701938
1974.0298565222283	63.355462327881625
2002.7427819620161	63.47922681579132
2031.8733465193618	63.60440937871932
2061.4276248951132	63.72995897826959
2091.411780148677	63.85682940294128
2121.832064983222	63.984515902760606
2152.694823049581	64.11327927200296
2184.0064902691106	64.24583517596756
2215.7735961758003	64.3810168926763
2248.002765277899	64.51829556207771
2280.7007184393456	64.65850074698179
2313.874274281297	64.79992690151414
2347.530350604038	64.94467189725408
2381.6759658295764	65.09013334515109
2416.318240465218	65.22860483182615
2451.4643985884327	65.36453361785041
2487.1217693533167	65.50118892599079
2523.2977885189675	65.63796496062193
2560.0000000000887	65.77193860435595
2597.236057440151	65.90189683856951
2635.0137258074315	66.02691826635578
2673.340883014273	66.13940633706645
2712.225521559891	66.2444771021276
2751.6757501970797	66.33147088042662
2791.699795623158	66.40465054212342
2832.3060041955137	66.46786441373327
2873.502843672097	66.51642737696457
2915.2989049772345	66.56683643278214
2957.7029039931244	66.59396185720252
3000.723683377391	66.63197337201981
3044.370214407075	66.65736791399402
3088.6515988494466	66.68974572823583
3133.57707086003	66.7181918038706
3179.1559989082334	66.73386519934081
3225.3978877309914	66.76149593890841
3272.3123803148205	66.75842985341502
3319.9092599067053	66.769752130939
3368.198452054235	66.76036146983301
3417.190026675413	66.75386277609377
3466.8942001585724	66.7397471794457
3517.3213374928373	66.71766409117053
3568.4819544295697	66.69676410836006
3620.386719675257	66.66959481015058
3673.0464571162966	66.64151798222956
3726.472148076138	66.59893911130946
3780.6749336052594	66.54940327966489
3835.6661168044484	66.4942718903741
3891.45716518188	66.42963539537898
3948.059713044477	66.35673706430532
4005.4855639240527	66.27939753022216
4063.746693038744	66.18734442438945
4122.855249790247	66.09962321780746
4182.823560297375	65.9981483557691
4243.664129966465	65.88507034018272
4305.389646099183	65.76171288805021
4368.012980538242	65.63173724363443
4431.5471923516225	65.49674258022553
4496.00553055582	65.35462411521861
4561.401436878714	65.20904683294063
4627.748548562617	65.05450775754566
4695.060701208099	64.89968897245032
4763.351931659176	64.73603049910075
4832.63648093046	64.56976201792448
4902.928797176889	64.39941913341832
4974.243538706657	64.22202623790898
5046.595577037959	64.04668740961357
5120.000000000202	63.861696484178516
5194.472114880326	63.677852211776724
5270.027451614888	63.48716302253281
5346.6817660285715	63.306206366049494
5424.451043119808	63.12957786490299
5503.351500394186	62.961119890235345
5583.399591246343	62.812137222217316
5664.612008391055	62.66612929323588
5747.005687344222	62.52012719508878
5830.597809954497	62.38382733159293
5915.405807986278	62.27038837699165
6001.447366754812	62.1749682808906
6088.740428814181	62.09984272856042
6177.303197698925	62.04485748130764
6267.154141720092	62.003900093408745
6358.3119978165005	61.98216524332841
6450.795775462017	61.96541460632908
6544.624760629676	61.95688996171489
6639.818519813445	61.948217058357535
6736.396904108505	61.94194810992386
6834.380053350861	61.93540370705536
6933.788400317181	61.92371734023258
7034.642674985712	61.906641884910826
7136.963908859177	61.88429964363155
7240.773439350552	61.85707270826314
7346.092914232631	61.82553853702552
7452.944296152315	61.79039720393812
7561.349867210557	61.752434129396
7671.332233608935	61.712478492612796
7782.914330363799	61.67137869987478
7896.119426088994	61.630216960298306
8010.971127848146	61.59178179006435
8127.49338607753	61.55484898814955
8245.710499580537	61.50893021064753
8365.647120594791	61.46341225437303
8487.328259932974	61.4069744864555
8610.77929219841	61.340665176881345
8736.025961076528	61.27287635364974
8863.094384703289	61.18245611518899
8992.011061111683	61.09983414421761
9122.802873757471	61.0055322180947
9255.497097125279	60.91736148126106
9390.121402416245	60.83073112361175
9526.7038633184	60.74547966816604
9665.272961860968	60.66266085900669
9805.857594353829	60.57834482403987
9948.487077413367	60.484032093100424
10093.19115407597	60.39310172662894
10240.000000000457	60.28715139899282
10388.944229760706	60.18944319647602
10540.05490322983	60.09266612356596
10693.363532057198	59.994483264011436
10848.902086239672	59.898052710635795
11006.703000788428	59.80248935103141
11166.799182492743	59.7099299157429
11329.224016782166	59.61769686022501
11494.0113746885	59.527480204606654
11661.195619909053	59.437085379550325
11830.811615972614	59.34701752637458
12002.894733509682	59.25683299222933
12177.48085762842	59.165369654220214
12354.606395397908	59.07327909045821
12534.308283440243	58.97932437053104
12716.62399563306	58.88708556714431
12901.591550924093	58.793258374516384
13089.249521259411	58.699299716242884
13279.637039626952	58.60459780993076
13472.793808217073	58.508773584770594
13668.760106701786	58.41244714709526
13867.576800634426	58.314882000039844
14069.285349971487	58.21874766701482
14273.927817718419	58.12164628790662
14481.54687870117	58.02490251942384
14692.18582846533	57.92800928592106
14905.888592304698	57.832011041119614
15122.699734421185	57.73748504009228
15342.664467217943	57.6430450904666
15565.828660727671	57.548377085628736
15792.238852178061	57.45441268618973
16021.942255696367	57.35883429534154
16254.986772155136	57.26397263198101
16491.42099916115	57.16962456143566
16731.294241189662	57.07616750003915
16974.65651986603	56.98506225956126
17221.558584396902	56.897514625230045
17472.051922153143	56.81214376160588
17726.188769406665	56.72425163675078
17984.022122223458	56.63832576475373
18245.605747515034	56.55450920108835
18510.99419425065	56.47255491321114
18780.242804832582	56.392787883256986
19053.40772663689	56.31456183385008
19330.545923722028	56.23340385248993
19611.71518870775	56.15054596860816
19896.974154826825	55.98180419188406
20186.382308152035	56.11854608673502