20	65.32332120029349
20.290906698750476	65.33662279913054
20.586044732869844	65.32559025342358
20.885475648548283	65.31695942881869
21.189261887185914	65.31424952472882
21.49746679841394	65.31268734402894
21.810154653305165	65.30892119526013
22.12739065777668	65.30489903902091
22.449240966187475	65.30433666997402
22.77577269513385	65.30592811517349
23.107053937445478	65.30662867280971
23.44315377638505	65.30613420896906
23.784142300054445	65.30396292911763
24.130090616010463	65.29665256379337
24.481070866093134	65.28743804951769
24.837156241469714	65.28292960320294
25.1984209978975	65.2790931345751
25.56494047120865	65.2722695289914
25.936791093020236	65.26239690770608
26.3140504066728	65.25175679541523
26.69679708340074	65.24136818730145
27.08511093873791	65.23005043668482
27.47907294916184	65.22351553541027
27.878765268980047	65.21649532860698
28.284271247461966	65.20452851937166
28.695675446220072	65.18897815181566
29.11306365684382	65.17450754778186
29.536522918790062	65.16312753111347
29.966141537533712	65.14990690400556
30.402009102982383	65.13488840048365
30.844216508158908	65.11787812977695
31.29285596815558	65.09612607632958
31.74802103936409	65.07173145852647
32.20980663898519	65.04881265902743
32.67830906482211	65.02715376508351
33.153626015361866	65.0039490865108
33.63585661014871	64.97941641736571
34.125101410453844	64.95351165493312
34.62146244024586	64.92420809269933
35.12504320746613	64.8936173727082
35.635948725613716	64.86631589940913
36.15428553564419	64.83985569054346
36.68016172818701	64.81294988313286
37.21368696608603	64.78582865274855
37.754972507267915	64.75735293966663
38.30413122794313	64.72593197133975
38.86127764614443	64.69339363603507
39.4265279456077	64.6641816970481
40.000000000000206	64.63451120101595
40.58181339750116	64.60308280461064
41.1720894657399	64.57002728962468
41.77095129709678	64.5354121062718
42.37852377437204	64.49884792332713
42.9949335968281	64.46111966200831
43.62030930661056	64.42696807611648
44.25478131555359	64.39143790847052
44.89848193237519	64.3546786230514
45.55154539026795	64.31652904085782
46.21410787489121	64.27586666772608
46.88630755277036	64.23258157864537
47.56828460010916	64.18881852758378
48.260181232021196	64.14761571670775
48.962141732186545	64.10486777392114
49.674312482939705	64.06082031578212
50.39684199579528	64.01521126045361
51.129880942417586	63.96900913799158
51.873582186040764	63.9217390497013
52.628100813345895	63.872077783658334
53.393594166801776	63.81949452512182
54.17022187747612	63.76580040112379
54.95814589832399	63.71518994140628
55.75753053796041	63.66299171628527
56.56854249492426	63.609471500569654
57.39135089244048	63.55441917753738
58.226127313687975	63.49864011252663
59.073045837580466	63.44199681596902
59.932283075067765	63.38388976319193
60.804018205965114	63.3244909238323
61.68843301631817	63.26354138367241
62.58571193631152	63.20145123575217
63.49604207872855	63.13782844615741
64.41961327797075	63.07559897583322
65.35661812964459	63.01303804447281
66.3072520307241	62.948120380326856
67.27171322029778	62.88059993866125
68.25020282090806	62.81229154863283
69.2429248804921	62.7459654357719
70.25008641493265	62.678250239692325
71.27189745122783	62.61058945524941
72.30857107128878	62.54175898074455
73.36032345637442	62.471102324405635
74.42737393217246	62.39879919717637
75.50994501453623	62.326135204411294
76.60826245588666	62.25409400557043
77.72255529228926	62.18080655965746
78.85305589121582	62.1066753432106
80.00000000000082	62.03129270053193
81.16362679500274	61.95693160716064
82.34417893148023	61.881998246187024
83.541902594194	61.80670572798568
84.75704754874454	61.73105697542835
85.98986719365665	61.65462333864094
87.24061861322157	61.578312787837426
88.50956263110764	61.50086756247426
89.79696386475084	61.42271309106477
91.10309078053635	61.343449929224754
92.42821574978288	61.26419620474294
93.77261510554118	61.184374464275734
95.13656920021877	61.10410797314932
96.52036246404286	61.0237480804111
97.92428346437356	60.942632426348865
99.34862496587989	60.862953483988576
100.79368399159105	60.782188659113594
102.25976188483567	60.70070410114051
103.74716437208203	60.61818477009391
105.25620162669229	60.53482516890576
106.78718833360406	60.4505500026881
108.34044375495276	60.36634242317561
109.9162917966485	60.28394353333776
111.51506107592134	60.200446296392684
113.13708498984903	60.11627255425185
114.78270178488147	60.03097869393853
116.45225462737648	59.94580682184292
118.14609167516147	59.85996793081968
119.86456615013608	59.773804571914354
121.60803641193078	59.68747113843684
123.3768660326369	59.60039346149593
125.17142387262359	59.51367092409672
126.99208415745765	59.42597579434628
128.83922655594208	59.339988505033354
130.71323625928977	59.25343989496506
132.61450406144883	59.1664216461054
134.5434264405962	59.07890932107077
136.50040564181674	58.99144067062318
138.48584976098482	58.90463663534906
140.50017282986593	58.817676515287715
142.5437949024563	58.732129338507775
144.61714214257822	58.64659696169908
146.7206469127495	58.56161206002326
148.8547478643456	58.47702510728909
151.01989002907314	58.4007192204098
153.216524911774	58.332225750493045
155.4451105845792	58.27413207367328
157.70611178243232	58.24624120198125
160.00000000000236	58.219859291658935
162.3272535900062	58.196209383173375
164.6883578629612	58.17411625885183
167.08380518838874	58.15350265994169
169.51409509748981	58.1343078553697
171.97973438731407	58.1064118034439
174.4812372264439	58.06555030750946
177.01912526221608	58.02870239453707
179.5939277295025	58.01205677346103
182.20618156107355	57.99648215146546
184.85643149956664	57.984111242603554
187.54523021108326	57.973154897183676
190.27313840043846	57.963283152033206
193.04072492808663	57.95450264750047
195.84856692874806	57.94681094506135
198.69724993176072	57.94018587541572
201.58736798318304	57.93457667680408
204.5195237696723	57.92989851789102
207.49432874416505	57.92603137742524
210.5124032533856	57.922823406564355
213.57437666720915	57.9200980573364
216.68088750990657	57.91766364488244
219.83258359329807	57.915323756539294
223.03012215184378	57.91288703522892
226.2741699796992	57.91017524736737
229.5654035697641	57.907029044666885
232.90450925475412	57.9077870919133
236.2921833503241	57.90827709126994
239.72913230027333	57.91892712246917
243.21607282386276	57.934832528429816
246.75373206527502	57.94179774852815
250.34284774524843	57.93394149796355
253.9841683149166	57.92618017160332
257.67845311188546	57.92727692129299
261.42647251858085	57.92755817467627
265.22900812289896	57.930686793411255
269.08685288119375	57.93386971544136
273.0008112836349	57.93604066669083
276.97169952197106	57.93725398836675
281.00034565973334	57.936339463862645
285.0875898049141	57.93078727662313
289.23428428515797	57.92448878688367
293.44129382550057	57.93264573800552
297.7094957286928	57.94046693991474
302.0397800581479	57.93774906408465
306.4330498235497	57.93039668229035
310.89022116916016	57.9249008918245
315.41222356486645	57.92207178082863
320.00000000000654	57.91895305949825
324.6545071800142	57.91601213610165
329.3767157259242	57.91288932051824
334.16761037677935	57.91337390574171
339.02819019498156	57.91451060894918
343.95946877463007	57.91258737854786
348.9624744528898	57.90898882303031
354.03825052443415	57.90637506985611
359.187855459007	57.90524803212723
364.4123631221491	57.90564443244048
369.71286299913527	57.908375679286955
375.0904604221685	57.913384541838106
380.54627680087896	57.91858608315803
386.08144985617537	57.92604520823228
391.6971338574982	57.938217294887025
397.3944998635236	57.95534202919033
403.1747359663683	57.9758991046043
409.0390475393468	57.99944027932797
414.9886574883323	58.02647971912136
421.0248065067734	58.05719475361222
427.1487533344206	58.09095377302891
433.3617750198154	58.12522082536066
439.6651671865984	58.16069628876735
446.06024430368984	58.19777279807083
452.54833995940066	58.23591893547227
459.13080713953053	58.2751724006567
465.8090185095106	58.31464660524569
472.58436670065066	58.354755075428486
479.45826460054917	58.39565556121681
486.432145647728	58.43688416556641
493.50746413055253	58.480494393799425
500.6856954904994	58.52592556244273
507.9683366298358	58.57556052551245
515.3569062237735	58.63574608583502
522.8529450371643	58.6960398919471
530.4580162458005	58.75259700263484
538.1737057623901	58.80922971461052
546.0016225672724	58.86667842213508
553.9433990439449	58.92450414393959
562.0006913194694	58.98178298985983
570.1751796098309	59.038392220085676
578.4685685703187	59.09467862068505
586.8825876510039	59.14892638942059
595.4189914573883	59.20335008572545
604.0795601162986	59.2577576589697
612.8660996471021	59.31237301500194
621.780442338323	59.36782520261815
630.8244471297356	59.423923880530005
640.0000000000159	59.47813312682665
649.3090143600314	59.52850122521348
658.7534314518515	59.57941994621532
668.3352207535618	59.63384587831281
678.0563803899662	59.68868528752625
687.9189375492632	59.74367763253068
697.9249489057827	59.79906532236151
708.0765010488715	59.85411844551242
718.3757109180171	59.908911813912475
728.8247262443015	59.96414577066812
739.425725998274	60.01963916456978
750.1809208443404	60.07572699067665
761.0925536017613	60.13317372221383
772.1628997123541	60.19131310517901
783.3942677149998	60.24978689686919
794.7889997270506	60.30881749653453
806.34947193274	60.36984970457257
818.0780950786972	60.433475737855574
829.9773149766683	60.4980130613833
842.0496130135506	60.56383643791013
854.2975066688449	60.63056116983805
866.7235500396347	60.698547395120094
879.3303343732008	60.7675319509279
892.1204886073838	60.83765468410189
905.0966799188055	60.90887441306696
918.2616142790653	60.98150015407998
931.6180370190256	61.05609919289229
945.1687334013056	61.13146708004368
958.9165292011028	61.20086051846409
972.8642912954606	61.271075529332826
987.0149282611097	61.344999455897124
1001.3713909810035	61.42067459483687
1015.9366732596762	61.49998011688583
1030.7138124475518	61.58321739955921
1045.7058900743334	61.66662548094672
1060.916032491606	61.74852833856396
1076.3474115247852	61.83091037886804
1092.0032451345498	61.912371083193946
1107.8867980878947	61.99398235216163
1124.0013826389438	62.07403608810714
1140.350359219667	62.15316687756093
1156.9371371406426	62.23300331773037
1173.765175302013	62.314041202764166
1190.837982914782	62.39459262840277
1208.1591202326028	62.472284799372254
1225.73219929421	62.54961382507285
1243.5608846766518	62.630175283893465
1261.648894259477	62.711289351445856
1280.0000000000375	62.79188650832441
1298.6180287200684	62.87215479551864
1317.5068629037087	62.95428984679833
1336.6704415071292	63.041703406065146
1356.112760779938	63.1299709585583
1375.8378750985323	63.22436591465436
1395.8498978115715	63.32053535853137
1416.153002097749	63.41958049715484
1436.7514218360407	63.52146985220044
1457.6494524886093	63.62871960363563
1478.8514519965543	63.742464696236866
1500.3618416886875	63.859394940891384
1522.1851072035295	63.97833406724385
1544.3257994247153	64.10077664025233
1566.788535430007	64.22703739612024
1589.5779994541087	64.35651072732684
1612.6989438654878	64.48615544079446
1636.156190157402	64.61648868900072
1659.9546299533442	64.75060389768589
1684.099226027109	64.89002923255558
1708.5950133376978	65.0303904242403
1733.4471000792773	65.15945244036803
1758.6606687464096	65.28948493330954
1784.2409772147755	65.42434486753051
1810.193359837619	65.56129278110036
1836.5232285581387	65.69563638731995
1863.2360740380593	65.82732794273963
1890.3374668026197	65.95782938210203
1917.833058402214	66.08120342140651
1945.7285825909298	66.2060459969974
1974.0298565222283	66.34198075600901
2002.7427819620161	66.48070773561136
2031.8733465193618	66.62741990972137
2061.4276248951132	66.77983469915279
2091.411780148677	66.93433049006458
2121.832064983222	67.09046371818515
2152.694823049581	67.24972018279328
2184.0064902691106	67.4079426058625
2215.7735961758003	67.57015566606216
2248.002765277899	67.73784177891156
2280.7007184393456	67.90993901825193
2313.874274281297	68.08628013759188
2347.530350604038	68.2667801874336
2381.6759658295764	68.45225995940416
2416.318240465218	68.64422028759681
2451.4643985884327	68.83990417724321
2487.1217693533167	69.03168729400186
2523.2977885189675	69.22683739939269
2560.0000000000887	69.42242016446701
2597.236057440151	69.62005248507745
2635.0137258074315	69.81352803557205
2673.340883014273	70.00106951088281
2712.225521559891	70.17846702592408
2751.6757501970797	70.29657938549403
2791.699795623158	70.41649737669223
2832.3060041955137	70.51221783795927
2873.502843672097	70.60652018385395
2915.2989049772345	70.67229431303537
2957.7029039931244	70.72074585746967
3000.723683377391	70.74708166863044
3044.370214407075	70.72956211015092
3088.6515988494466	70.70774456663383
3133.57707086003	70.62466585535763
3179.1559989082334	70.54051927134876
3225.3978877309914	70.42997310580182
3272.3123803148205	70.3109693731631
3319.9092599067053	70.16560616965015
3368.198452054235	69.99448424080734
3417.190026675413	69.81498070539114
3466.8942001585724	69.61471017142394
3517.3213374928373	69.4108785776893
3568.4819544295697	69.18802882365688
3620.386719675257	68.96055272935423
3673.0464571162966	68.7293221508778
3726.472148076138	68.49410719438069
3780.6749336052594	68.25645845433765
3835.6661168044484	68.01717771272517
3891.45716518188	67.77706433074573
3948.059713044477	67.55555040294466
4005.4855639240527	67.33014033541126
4063.746693038744	67.13699995230988
4122.855249790247	66.94671706567776
4182.823560297375	66.76641956710883
4243.664129966465	66.5928253103021
4305.389646099183	66.4297881834238
4368.012980538242	66.29588617970344
4431.5471923516225	66.16066954331691
4496.00553055582	66.06866783598076
4561.401436878714	65.97496888775227
4627.748548562617	65.90428547192869
4695.060701208099	65.8407484320725
4763.351931659176	65.77978846343669
4832.63648093046	65.72199939839729
4902.928797176889	65.66655249007361
4974.243538706657	65.62429344883708
5046.595577037959	65.58134101940598
5120.000000000202	65.55103205302083
5194.472114880326	65.52152490915485
5270.027451614888	65.49063015671392
5346.6817660285715	65.45882307562565
5424.451043119808	65.42704798562556
5503.351500394186	65.39560919119332
5583.399591246343	65.36387330371241
5664.612008391055	65.33063134219955
5747.005687344222	65.29732029246662
5830.597809954497	65.26478586497551
5915.405807986278	65.23250824106367
6001.447366754812	65.2008857826619
6088.740428814181	65.16993582545815
6177.303197698925	65.13891379507177
6267.154141720092	65.1071767669129
6358.3119978165005	65.07586058471036
6450.795775462017	65.1063263445153
6544.624760629676	65.13957249303826
6639.818519813445	65.20413577666214
6736.396904108505	65.28348885297243
6834.380053350861	65.38566293495624
6933.788400317181	65.51839769242098
7034.642674985712	65.66041092532086
7136.963908859177	65.84041266072211
7240.773439350552	66.0245084399152
7346.092914232631	66.21315243726893
7452.944296152315	66.40617636704046
7561.349867210557	66.57365223405199
7671.332233608935	66.7247215058883
7782.914330363799	66.82356349232548
7896.119426088994	66.80475609320622
8010.971127848146	66.77917537255183
8127.49338607753	66.56578460976726
8245.710499580537	66.33421711978266
8365.647120594791	65.89448823477542
8487.328259932974	65.41367938297009
8610.77929219841	64.90790839233115
8736.025961076528	64.40552892017135
8863.094384703289	63.931378809297364
8992.011061111683	63.540358746374274
9122.802873757471	63.1885478125713
9255.497097125279	62.96008519733096
9390.121402416245	62.73675785815384
9526.7038633184	62.604780314613656
9665.272961860968	62.4718992486897
9805.857594353829	62.37256923914213
9948.487077413367	62.281546691160315
10093.19115407597	62.19928168153304
10240.000000000457	62.12517792490909
10388.944229760706	62.052441110419
10540.05490322983	61.985152658364704
10693.363532057198	61.91722110148919
10848.902086239672	61.85735284896458
11006.703000788428	61.79713694867544
11166.799182492743	61.73821928348483
11329.224016782166	61.67952933293077
11494.0113746885	61.61645901602521
11661.195619909053	61.54740317715671
11830.811615972614	61.4798914500525
12002.894733509682	61.425481008781325
12177.48085762842	61.3713033952593
12354.606395397908	61.318308666206995
12534.308283440243	61.26659489487117
12716.62399563306	61.21854031755528
12901.591550924093	61.17439435182559
13089.249521259411	61.13460685976454
13279.637039626952	61.101214346477505
13472.793808217073	61.07265292799088
13668.760106701786	61.04886522054129
13867.576800634426	61.02992995266018
14069.285349971487	61.01803308661763
14273.927817718419	61.0083033331501
14481.54687870117	60.99245288101976
14692.18582846533	60.96457287967158
14905.888592304698	60.92158647709309
15122.699734421185	60.857603408383916
15342.664467217943	60.77309343313457
15565.828660727671	60.67214748009308
15792.238852178061	60.55923494309478
16021.942255696367	60.43996536052848
16254.986772155136	60.321040736533604
16491.42099916115	60.20762346775393
16731.294241189662	60.10194868072034
16974.65651986603	60.00405412815499
17221.558584396902	59.915560452085785
17472.051922153143	59.831621367382525
17726.188769406665	59.750779881836394
17984.022122223458	59.67007607846549
18245.605747515034	59.59084821407345
18510.99419425065	59.510169675507335
18780.242804832582	59.42231669285819
19053.40772663689	59.32272392030587
19330.545923722028	59.195600753099285
19611.71518870775	59.031014624845
19896.974154826825	58.81134569506575
20186.382308152035	58.589532466860085