20	64.14326029972983
20.290906698750476	64.14329708029477
20.586044732869844	64.143334950428
20.885475648548283	64.16494843257196
21.189261887185914	64.22137375361999
21.49746679841394	64.27866915428923
21.810154653305165	64.33725589083701
22.12739065777668	64.39669543503669
22.449240966187475	64.45541566452351
22.77577269513385	64.51461004158097
23.107053937445478	64.57118397097716
23.44315377638505	64.62531668602344
23.784142300054445	64.67982771208116
24.130090616010463	64.7337377565691
24.481070866093134	64.78843273552064
24.837156241469714	64.83774325886444
25.1984209978975	64.88736645300115
25.56494047120865	64.93509911959299
25.936791093020236	64.98210554662036
26.3140504066728	65.02795225396059
26.69679708340074	65.07116145166333
27.08511093873791	65.11448206481268
27.47907294916184	65.15153183324125
27.878765268980047	65.18912154770533
28.284271247461966	65.22349536553435
28.695675446220072	65.25730579078038
29.11306365684382	65.28813484250807
29.536522918790062	65.31578924321798
29.966141537533712	65.34294324362457
30.402009102982383	65.36689059106999
30.844216508158908	65.39118755653291
31.29285596815558	65.41293054451508
31.74802103936409	65.4347091597064
32.20980663898519	65.44893578024906
32.67830906482211	65.45856704319407
33.153626015361866	65.46942363941477
33.63585661014871	65.48262470592694
34.125101410453844	65.49584504211256
34.62146244024586	65.50540917284872
35.12504320746613	65.51511413394252
35.635948725613716	65.51752385227232
36.15428553564419	65.51752741880134
36.68016172818701	65.51753470985221
37.21368696608603	65.51754612777793
37.754972507267915	65.5175603954103
38.30413122794313	65.51758013372711
38.86127764614443	65.51760230523126
39.4265279456077	65.51763042734441
40.000000000000206	65.5176616919679
40.58181339750116	65.51769806752117
41.1720894657399	65.51773897959643
41.77095129709678	65.5177841866381
42.37852377437204	65.51783533938685
42.9949335968281	65.51776922163495
43.62030930661056	65.51065680316745
44.25478131555359	65.50344381162753
44.89848193237519	65.4971746223555
45.55154539026795	65.49121199420571
46.21410787489121	65.4873406346241
46.88630755277036	65.48622801419562
47.56828460010916	65.48352240733249
48.260181232021196	65.47164618083798
48.962141732186545	65.45960085459629
49.674312482939705	65.45798897080189
50.39684199579528	65.45811285484743
51.129880942417586	65.45824476907396
51.873582186040764	65.45838445182446
52.628100813345895	65.45720049802779
53.393594166801776	65.4525558698187
54.17022187747612	65.44784832994085
54.95814589832399	65.43968883499193
55.75753053796041	65.43138219016771
56.56854249492426	65.42065151943517
57.39135089244048	65.40877730209033
58.226127313687975	65.39934972673171
59.073045837580466	65.39355993100551
59.932283075067765	65.38627076256088
60.804018205965114	65.36855320431772
61.68843301631817	65.35058437529757
62.58571193631152	65.33584601042855
63.49604207872855	65.32160803395148
64.41961327797075	65.30226030530437
65.35661812964459	65.27847098827763
66.3072520307241	65.2545467558316
67.27171322029778	65.23088684013257
68.25020282090806	65.20689118926083
69.2429248804921	65.17872657526405
70.25008641493265	65.15001582760593
71.27189745122783	65.12154812454528
72.30857107128878	65.09299330120665
73.36032345637442	65.06211561393037
74.42737393217246	65.02770831747333
75.50994501453623	64.99269632257362
76.60826245588666	64.95608035956741
77.72255529228926	64.91894391296518
78.85305589121582	64.88228509437904
80.00000000000082	64.8453506618068
81.16362679500274	64.80546178120923
82.34417893148023	64.76271040122694
83.541902594194	64.71967889218291
84.75704754874454	64.67716099501577
85.98986719365665	64.63404108327225
87.24061861322157	64.58831087168052
88.50956263110764	64.54179793198182
89.79696386475084	64.49255382990151
91.10309078053635	64.4414759140846
92.42821574978288	64.38944094103985
93.77261510554118	64.33624651771494
95.13656920021877	64.28226183633984
96.52036246404286	64.22697643669736
97.92428346437356	64.17091203463707
99.34862496587989	64.11274144496926
100.79368399159105	64.05337588197037
102.25976188483567	63.99415755215781
103.74716437208203	63.935140330805744
105.25620162669229	63.87450963561335
106.78718833360406	63.80985470092045
108.34044375495276	63.74429550619143
109.9162917966485	63.683097531920076
111.51506107592134	63.621573529834386
113.13708498984903	63.55605293027479
114.78270178488147	63.487689667573285
116.45225462737648	63.41875540827186
118.14609167516147	63.3496328157503
119.86456615013608	63.27980563253399
121.60803641193078	63.21473401487359
123.3768660326369	63.14877661503657
125.17142387262359	63.079128931825466
126.99208415745765	63.0076093054084
128.83922655594208	62.937356002127274
130.71323625928977	62.86877139913747
132.61450406144883	62.79926962119098
134.5434264405962	62.72883236149193
136.50040564181674	62.65746546474423
138.48584976098482	62.59155134211321
140.50017282986593	62.525634608668696
142.5437949024563	62.455985635348505
144.61714214257822	62.38345961248189
146.7206469127495	62.31186751674711
148.8547478643456	62.2436440098622
151.01989002907314	62.17456450700065
153.216524911774	62.10349152548027
155.4451105845792	62.03156221481197
157.70611178243232	61.95888199331366
160.00000000000236	61.885389290312965
162.3272535900062	61.81270255425245
164.6883578629612	61.74135097341582
167.08380518838874	61.66889365495522
169.51409509748981	61.59376886291884
171.97973438731407	61.517841704632424
174.4812372264439	61.44039254419397
177.01912526221608	61.362024615482795
179.5939277295025	61.284483133399135
182.20618156107355	61.207424650894055
184.85643149956664	61.12910181079072
187.54523021108326	61.04865234453639
190.27313840043846	60.96745146710466
193.04072492808663	60.89084241002904
195.84856692874806	60.813612088535706
198.69724993176072	60.73773000438325
201.58736798318304	60.66203830831958
204.5195237696723	60.586815243036845
207.49432874416505	60.512559501411964
210.5124032533856	60.438106713763425
213.57437666720915	60.36741538131068
216.68088750990657	60.295719925250054
219.83258359329807	60.22819233363309
223.03012215184378	60.16046292014037
226.2741699796992	60.095910380919875
229.5654035697641	60.03366478461726
232.90450925475412	59.97102310938064
236.2921833503241	59.91079354298862
239.72913230027333	59.84818818638235
243.21607282386276	59.79104551803774
246.75373206527502	59.73155661161035
250.34284774524843	59.673177494344095
253.9841683149166	59.61394470467893
257.67845311188546	59.55645354332064
261.42647251858085	59.50365374083376
265.22900812289896	59.44910291837381
269.08685288119375	59.39739504891271
273.0008112836349	59.34398656959481
276.97169952197106	59.291421044554895
281.00034565973334	59.238262325110675
285.0875898049141	59.18869122949132
289.23428428515797	59.14276498778626
293.44129382550057	59.097278988141234
297.7094957286928	59.054471084937745
302.0397800581479	59.01157478172701
306.4330498235497	58.977699177983595
310.89022116916016	58.94463646261056
315.41222356486645	58.912448698644994
320.00000000000654	58.88087113021119
324.6545071800142	58.851178599291316
329.3767157259242	58.82472127407245
334.16761037677935	58.79869182414777
339.02819019498156	58.77487183810182
343.95946877463007	58.75130923259496
348.9624744528898	58.73325931491081
354.03825052443415	58.71699301574356
359.187855459007	58.70069095362883
364.4123631221491	58.6842869613897
369.71286299913527	58.66861617404469
375.0904604221685	58.65550358312565
380.54627680087896	58.64246107413247
386.08144985617537	58.635412741630944
391.6971338574982	58.62902190870242
397.3944998635236	58.62288700875076
403.1747359663683	58.61686220513177
409.0390475393468	58.61126427654853
414.9886574883323	58.606597239634404
421.0248065067734	58.601665273139865
427.1487533344206	58.59454776277878
433.3617750198154	58.58710842436543
439.6651671865984	58.584105719439336
446.06024430368984	58.58236166389969
452.54833995940066	58.5836456124739
459.13080713953053	58.58857329648081
465.8090185095106	58.59193221138283
472.58436670065066	58.58894462124028
479.45826460054917	58.58544573902852
486.432145647728	58.582682355078354
493.50746413055253	58.579559454159714
500.6856954904994	58.57954914953476
507.9683366298358	58.58158362267537
515.3569062237735	58.586054261787964
522.8529450371643	58.596819960013356
530.4580162458005	58.60722877724155
538.1737057623901	58.611175734091724
546.0016225672724	58.61481525251207
553.9433990439449	58.61550888331378
562.0006913194694	58.61490345730514
570.1751796098309	58.6161250392286
578.4685685703187	58.619897318644874
586.8825876510039	58.62408457722504
595.4189914573883	58.63118853494199
604.0795601162986	58.63836686308252
612.8660996471021	58.64339282140057
621.780442338323	58.64817544552801
630.8244471297356	58.653711858403554
640.0000000000159	58.659932361750705
649.3090143600314	58.66442109279968
658.7534314518515	58.66385372097093
668.3352207535618	58.66357083753376
678.0563803899662	58.66361609289777
687.9189375492632	58.664022997016964
697.9249489057827	58.66482855011056
708.0765010488715	58.66606259892301
718.3757109180171	58.667753536363165
728.8247262443015	58.66992640306826
739.425725998274	58.6725994883132
750.1809208443404	58.67579096852977
761.0925536017613	58.67950690582756
772.1628997123541	58.6837528864872
783.3942677149998	58.6885202285069
794.7889997270506	58.693793555483545
806.34947193274	58.699542799871594
818.0780950786972	58.70572145326553
829.9773149766683	58.71226661886507
842.0496130135506	58.71908795006802
854.2975066688449	58.72722266147436
866.7235500396347	58.73544256125947
879.3303343732008	58.75069670066419
892.1204886073838	58.76926669978028
905.0966799188055	58.7859093440303
918.2616142790653	58.79938442177121
931.6180370190256	58.81346165950019
945.1687334013056	58.84234795677798
958.9165292011028	58.86996979654896
972.8642912954606	58.904977732056715
987.0149282611097	58.940680544892466
1001.3713909810035	58.98757798086649
1015.9366732596762	59.045320161286156
1030.7138124475518	59.106189880446856
1045.7058900743334	59.181177483295215
1060.916032491606	59.25564719609061
1076.3474115247852	59.35058231524748
1092.0032451345498	59.44735174731074
1107.8867980878947	59.550068362103396
1124.0013826389438	59.65677773934199
1140.350359219667	59.76972846267343
1156.9371371406426	59.89332242950222
1173.765175302013	60.018834601012266
1190.837982914782	60.14441475105954
1208.1591202326028	60.272392644607216
1225.73219929421	60.39917462097545
1243.5608846766518	60.52745320555826
1261.648894259477	60.65489985710243
1280.0000000000375	60.78129521799571
1298.6180287200684	60.90850180478458
1317.5068629037087	61.0307207963291
1336.6704415071292	61.155533263253034
1356.112760779938	61.27123206593649
1375.8378750985323	61.38817018214053
1395.8498978115715	61.50123696060269
1416.153002097749	61.61271576071143
1436.7514218360407	61.724392727019364
1457.6494524886093	61.83398162869622
1478.8514519965543	61.945643212007305
1500.3618416886875	62.05566581380482
1522.1851072035295	62.16786019214608
1544.3257994247153	62.280124077093014
1566.788535430007	62.39382460078154
1589.5779994541087	62.51000250682067
1612.6989438654878	62.62873183036686
1636.156190157402	62.74972709855318
1659.9546299533442	62.87337486911359
1684.099226027109	62.99922190878415
1708.5950133376978	63.132891312735666
1733.4471000792773	63.26963922024942
1758.6606687464096	63.4080430592576
1784.2409772147755	63.548314177724755
1810.193359837619	63.69055705948439
1836.5232285581387	63.83427474525648
1863.2360740380593	63.98037717837086
1890.3374668026197	64.12986162187082
1917.833058402214	64.28177761942877
1945.7285825909298	64.43413972228588
1974.0298565222283	64.58817190953394
2002.7427819620161	64.74291828412063
2031.8733465193618	64.89781362368825
2061.4276248951132	65.0540750599594
2091.411780148677	65.20620335329812
2121.832064983222	65.36073053425194
2152.694823049581	65.50712149368833
2184.0064902691106	65.65398107184134
2215.7735961758003	65.79429709863373
2248.002765277899	65.92991462690651
2280.7007184393456	66.06509119003957
2313.874274281297	66.19554086010865
2347.530350604038	66.3280251186068
2381.6759658295764	66.4487652419289
2416.318240465218	66.57117008144581
2451.4643985884327	66.69012115158343
2487.1217693533167	66.8085520977272
2523.2977885189675	66.92429958595801
2560.0000000000887	67.03516779880096
2597.236057440151	67.14580040169129
2635.0137258074315	67.24316840402165
2673.340883014273	67.34204749258589
2712.225521559891	67.42983804131919
2751.6757501970797	67.51632516538919
2791.699795623158	67.59171050162189
2832.3060041955137	67.6574652669672
2873.502843672097	67.71811168071068
2915.2989049772345	67.76089813196138
2957.7029039931244	67.80437923116389
3000.723683377391	67.81508781023621
3044.370214407075	67.82453827369199
3088.6515988494466	67.82438671636476
3133.57707086003	67.81939610641335
3179.1559989082334	67.80452005128478
3225.3978877309914	67.77318285628353
3272.3123803148205	67.73973114179235
3319.9092599067053	67.68824696765897
3368.198452054235	67.63606581585321
3417.190026675413	67.57115994979165
3466.8942001585724	67.5023294012312
3517.3213374928373	67.42821956419985
3568.4819544295697	67.34889665671123
3620.386719675257	67.2651009195935
3673.0464571162966	67.16817490398236
3726.472148076138	67.06987957471506
3780.6749336052594	66.96428776349762
3835.6661168044484	66.85675878933068
3891.45716518188	66.73849057714607
3948.059713044477	66.61335749771563
4005.4855639240527	66.48537627558565
4063.746693038744	66.35359882779967
4122.855249790247	66.22020948070985
4182.823560297375	66.08902177066778
4243.664129966465	65.95595569951367
4305.389646099183	65.82621246754199
4368.012980538242	65.69615533218041
4431.5471923516225	65.57321923914294
4496.00553055582	65.45818429367182
4561.401436878714	65.34362312268027
4627.748548562617	65.23629239842592
4695.060701208099	65.12742416565229
4763.351931659176	65.01158657850986
4832.63648093046	64.89351167622773
4902.928797176889	64.76513537670414
4974.243538706657	64.62948802226336
5046.595577037959	64.48250319949177
5120.000000000202	64.31381643392352
5194.472114880326	64.14182721550065
5270.027451614888	63.943965829276095
5346.6817660285715	63.74324418383852
5424.451043119808	63.53387436511082
5503.351500394186	63.31951049146873
5583.399591246343	63.10800479080681
5664.612008391055	62.90057196113505
5747.005687344222	62.69327792536973
5830.597809954497	62.49871260148553
5915.405807986278	62.30133145575104
6001.447366754812	62.137215781302224
6088.740428814181	61.975785399603616
6177.303197698925	61.844612802660045
6267.154141720092	61.73450911194443
6358.3119978165005	61.64061263057205
6450.795775462017	61.58741234939455
6544.624760629676	61.53401031473595
6639.818519813445	61.5396309179187
6736.396904108505	61.54534401752051
6834.380053350861	61.59910078268585
6933.788400317181	61.672447457459185
7034.642674985712	61.77143684253007
7136.963908859177	61.904634526225806
7240.773439350552	62.04400582155094
7346.092914232631	62.2113976501244
7452.944296152315	62.38123292620246
7561.349867210557	62.52233612948198
7671.332233608935	62.66000705377658
7782.914330363799	62.71679691313952
7896.119426088994	62.70928095585762
8010.971127848146	62.639876386213835
8127.49338607753	62.40308044901321
8245.710499580537	62.113411813673515
8365.647120594791	61.60839622009427
8487.328259932974	61.0568181925918
8610.77929219841	60.47414641448798
8736.025961076528	59.89261963492198
8863.094384703289	59.245083849230106
8992.011061111683	58.66802383378513
9122.802873757471	58.12491740530832
9255.497097125279	57.615120385093896
9390.121402416245	57.16678997230897
9526.7038633184	56.85745646568969
9665.272961860968	56.54699887129847
9805.857594353829	56.28989053051917
9948.487077413367	56.0290472390039
10093.19115407597	55.87725404716667
10240.000000000457	55.740245997125434
10388.944229760706	55.652304306833855
10540.05490322983	55.600259010083974
10693.363532057198	55.51336232022581
10848.902086239672	55.34149115308125
11006.703000788428	55.16691195223606
11166.799182492743	54.836731432529035
11329.224016782166	54.5017520014431
11494.0113746885	54.20036160380272
11661.195619909053	53.897958855763726
11830.811615972614	53.73643867845394
12002.894733509682	53.60073080013357
12177.48085762842	53.583288343755925
12354.606395397908	53.665044361701185
12534.308283440243	53.78952996339627
12716.62399563306	54.03517141737449
12901.591550924093	54.28622847821934
13089.249521259411	54.56408881577397
13279.637039626952	54.84599341589112
13472.793808217073	55.04201381777918
13668.760106701786	55.229532600369616
13867.576800634426	55.323934693384516
14069.285349971487	55.35512140436112
14273.927817718419	55.342248546145704
14481.54687870117	55.229211521949416
14692.18582846533	55.11312909401843
14905.888592304698	54.92642725101309
15122.699734421185	54.737011880801795
15342.664467217943	54.569465335567365
15565.828660727671	54.40862986561857
15792.238852178061	54.29139154013825
16021.942255696367	54.231085885897976
16254.986772155136	54.18425057356421
16491.42099916115	54.21764826747207
16731.294241189662	54.251533523817535
16974.65651986603	54.31171345627839
17221.558584396902	54.37693071540273
17472.051922153143	54.44186203085029
17726.188769406665	54.50680953781368
17984.022122223458	54.552576207280254
18245.605747515034	54.54763514827037
18510.99419425065	54.5426237658562
18780.242804832582	54.38926234783359
19053.40772663689	54.232683941924506
19330.545923722028	54.185872946588255
19611.71518870775	54.18585432468015
19896.974154826825	54.185836872268524
20186.382308152035	54.185820592383976