20, 60.885871380151045
20.290906698750476, 60.885871380151045
20.586044732869844, 60.885871380151045
20.885475648548283, 60.89393543753528
21.189261887185914, 60.94342418041571
21.49746679841394, 60.99363275363697
21.810154653305165, 61.0420527165305
22.12739065777668, 61.090839774224186
22.449240966187475, 61.14009001038984
22.77577269513385, 61.18989183464395
23.107053937445478, 61.238363902619
23.44315377638505, 61.28313223198868
23.784142300054445, 61.32854085625061
24.130090616010463, 61.37433035011338
24.481070866093134, 61.42078586750101
24.837156241469714, 61.46585284820256
25.1984209978975, 61.510904329418544
25.56494047120865, 61.55590576198098
25.936791093020236, 61.600774348148505
26.3140504066728, 61.64531909789995
26.69679708340074, 61.6863888299623
27.08511093873791, 61.72805593503329
27.47907294916184, 61.767985948636365
27.878765268980047, 61.80826576830744
28.284271247461966, 61.84377074715259
28.695675446220072, 61.876608474470515
29.11306365684382, 61.91079334566182
29.536522918790062, 61.94712207985566
29.966141537533712, 61.98343218216921
30.402009102982383, 62.012394178532865
30.844216508158908, 62.04177743683408
31.29285596815558, 62.06894935769447
31.74802103936409, 62.09578190323541
32.20980663898519, 62.12075878040398
32.67830906482211, 62.1438502546445
33.153626015361866, 62.16658533637189
33.63585661014871, 62.187171536327675
34.125101410453844, 62.2080571694569
34.62146244024586, 62.227476196685856
35.12504320746613, 62.24705868634889
35.635948725613716, 62.26650286618107
36.15428553564419, 62.2860057559378
36.68016172818701, 62.303318613879874
37.21368696608603, 62.31670066466402
37.754972507267915, 62.330019270773235
38.30413122794313, 62.340940238451175
38.86127764614443, 62.35202005526183
39.4265279456077, 62.36490754134584
40.000000000000206, 62.37837404848339
40.58181339750116, 62.39054034343674
41.1720894657399, 62.40153023516231
41.77095129709678, 62.411713828355346
42.37852377437204, 62.419041150321405
42.9949335968281, 62.42647505063965
43.62030930661056, 62.43956299454191
44.25478131555359, 62.45305937292895
44.89848193237519, 62.46155569337924
45.55154539026795, 62.46771572114734
46.21410787489121, 62.47436057676368
46.88630755277036, 62.48170414486133
47.56828460010916, 62.489126378880854
48.260181232021196, 62.4964400784188
48.962141732186545, 62.503860158166155
49.674312482939705, 62.515186498980256
50.39684199579528, 62.527441471460634
51.129880942417586, 62.533047218728434
51.873582186040764, 62.533139687896956
52.628100813345895, 62.5332326793592
53.393594166801776, 62.5333247722907
54.17022187747612, 62.53341820474473
54.95814589832399, 62.53350996346049
55.75753053796041, 62.53360301575809
56.56854249492426, 62.537073648268375
57.39135089244048, 62.542021884550444
58.226127313687975, 62.548488532381086
59.073045837580466, 62.557043691827296
59.932283075067765, 62.56451410857504
60.804018205965114, 62.56460602990838
61.68843301631817, 62.56469928826831
62.58571193631152, 62.558615294193245
63.49604207872855, 62.551409255978854
64.41961327797075, 62.5449240406235
65.35661812964459, 62.53895882151316
66.3072520307241, 62.5347141321924
67.27171322029778, 62.534806256583416
68.25020282090806, 62.53489968926817
69.2429248804921, 62.534991438824996
70.25008641493265, 62.53508452290985
71.27189745122783, 62.527319552676516
72.30857107128878, 62.51648459145177
73.36032345637442, 62.50511832203844
74.42737393217246, 62.4931183196934
75.50994501453623, 62.48198209280006
76.60826245588666, 62.47605226594932
77.72255529228926, 62.47003618778092
78.85305589121582, 62.451422448576146
80.00000000000082, 62.4308299392331
81.16362679500274, 62.41750744913163
82.34417893148023, 62.4091165009217
83.541902594194, 62.39691889374884
84.75704754874454, 62.37649373738991
85.98986719365665, 62.355754493196066
87.24061861322157, 62.33421070737724
88.50956263110764, 62.31235355997784
89.79696386475084, 62.2934179233428
91.10309078053635, 62.27529286433415
92.42821574978288, 62.25270698683631
93.77261510554118, 62.22498084721614
95.13656920021877, 62.197683719154696
96.52036246404286, 62.17368371341341
97.92428346437356, 62.14933461955011
99.34862496587989, 62.12535461817378
100.79368399159105, 62.101104715185976
102.25976188483567, 62.074028923214804
103.74716437208203, 62.04502995732433
105.25620162669229, 62.01593210315123
106.78718833360406, 61.98705129882251
108.34044375495276, 61.957673071597796
109.9162917966485, 61.92650584548597
111.51506107592134, 61.89488528163127
113.13708498984903, 61.86453343582878
114.78270178488147, 61.834256287366415
116.45225462737648, 61.80285789161045
118.14609167516147, 61.770284924984814
119.86456615013608, 61.73745995371115
121.60803641193078, 61.705019735579484
123.3768660326369, 61.67210766360964
125.17142387262359, 61.63971681071636
126.99208415745765, 61.6069388692369
128.83922655594208, 61.57360940214744
130.71323625928977, 61.53975282341303
132.61450406144883, 61.50623092816263
134.5434264405962, 61.473719618000715
136.50040564181674, 61.440815714900616
138.48584976098482, 61.40843690195673
140.50017282986593, 61.3755871283337
142.5437949024563, 61.34311652188336
144.61714214257822, 61.310400624858836
146.7206469127495, 61.27897695586516
148.8547478643456, 61.248814298137496
151.01989002907314, 61.217898267054586
153.216524911774, 61.18544847262545
155.4451105845792, 61.15252668506769
157.70611178243232, 61.122413609114304
160.00000000000236, 61.09206112912137
162.3272535900062, 61.05955380635188
164.6883578629612, 61.025687216498085
167.08380518838874, 60.99220268032108
169.51409509748981, 60.959681756824935
171.97973438731407, 60.926449934203
174.4812372264439, 60.89045345445474
177.01912526221608, 60.853933393851975
179.5939277295025, 60.81591106544948
182.20618156107355, 60.777109523808434
184.85643149956664, 60.73968870482985
187.54523021108326, 60.703465778287686
190.27313840043846, 60.66553934185423
193.04072492808663, 60.62343778120856
195.84856692874806, 60.58072383926191
198.69724993176072, 60.539899887801354
201.58736798318304, 60.498577871960016
204.5195237696723, 60.45350492887492
207.49432874416505, 60.4062875736971
210.5124032533856, 60.35947923229785
213.57437666720915, 60.31366222702492
216.68088750990657, 60.26694238181557
219.83258359329807, 60.21770371484696
223.03012215184378, 60.167748854975414
226.2741699796992, 60.12142808581615
229.5654035697641, 60.07532304816649
232.90450925475412, 60.02741237230874
236.2921833503241, 59.97786416240538
239.72913230027333, 59.92803050818801
243.21607282386276, 59.87868439849313
246.75373206527502, 59.828620533104875
250.34284774524843, 59.78416607964132
253.9841683149166, 59.73917848061917
257.67845311188546, 59.693735964306484
261.42647251858085, 59.647718742682706
265.22900812289896, 59.60216373396852
269.08685288119375, 59.55754230563485
273.0008112836349, 59.512309781284486
276.97169952197106, 59.46666711082793
281.00034565973334, 59.42036055244213
285.0875898049141, 59.377739104162295
289.23428428515797, 59.33526862197301
293.44129382550057, 59.29365576698522
297.7094957286928, 59.25256927723892
302.0397800581479, 59.21161236824809
306.4330498235497, 59.17189929943131
310.89022116916016, 59.13161555578373
315.41222356486645, 59.09446642622132
320.00000000000654, 59.05677695012678
324.6545071800142, 59.021156247295124
329.3767157259242, 58.98604752013666
334.16761037677935, 58.951977503107464
339.02819019498156, 58.9194291683477
343.95946877463007, 58.88693888432059
348.9624744528898, 58.856930711834025
354.03825052443415, 58.826486060427776
359.187855459007, 58.797516152350575
364.4123631221491, 58.76841187802651
369.71286299913527, 58.74226499649291
375.0904604221685, 58.71812494210116
380.54627680087896, 58.695336497020044
386.08144985617537, 58.67612096540215
391.6971338574982, 58.65658641902885
397.3944998635236, 58.63504584633521
403.1747359663683, 58.613191958797
409.0390475393468, 58.59510203046883
414.9886574883323, 58.57819388378523
421.0248065067734, 58.5629371369939
427.1487533344206, 58.54972574816992
433.3617750198154, 58.535772210905456
439.6651671865984, 58.51900147894774
446.06024430368984, 58.501986811076556
452.54833995940066, 58.48843775483523
459.13080713953053, 58.47514313436834
465.8090185095106, 58.464114031525234
472.58436670065066, 58.45450960181041
479.45826460054917, 58.44330423243175
486.432145647728, 58.428910589518765
493.50746413055253, 58.41454245230566
500.6856954904994, 58.405016067296664
507.9683366298358, 58.395351117826976
515.3569062237735, 58.38213151701517
522.8529450371643, 58.36764717639637
530.4580162458005, 58.3554782980871
538.1737057623901, 58.34589188510116
546.0016225672724, 58.33434376300829
553.9433990439449, 58.31515816110818
562.0006913194694, 58.29569349820245
570.1751796098309, 58.28421862974779
578.4685685703187, 58.27335443280463
586.8825876510039, 58.25952897636492
595.4189914573883, 58.24385946697097
604.0795601162986, 58.228561113057275
612.8660996471021, 58.21416283032962
621.780442338323, 58.19966712125875
630.8244471297356, 58.186529987260826
640.0000000000159, 58.173201769248784
649.3090143600314, 58.161906322552106
658.7534314518515, 58.15106251888598
668.3352207535618, 58.13663490562736
678.0563803899662, 58.118574701404114
687.9189375492632, 58.10116939019355
697.9249489057827, 58.08679814169845
708.0765010488715, 58.07221785858053
718.3757109180171, 58.05900013387105
728.8247262443015, 58.0456969409368
739.425725998274, 58.03248733311722
750.1809208443404, 58.0192383039592
761.0925536017613, 58.006404102516875
772.1628997123541, 57.99441686245975
783.3942677149998, 57.98335737649096
794.7889997270506, 57.983449230751276
806.34947193274, 57.983542421062566
818.0780950786972, 57.97298355932101
829.9773149766683, 57.95970529532687
842.0496130135506, 57.953371919246464
854.2975066688449, 57.95346435250721
866.7235500396347, 57.953557389921755
879.3303343732008, 57.95364944709158
892.1204886073838, 57.95374284326377
905.0966799188055, 57.9642121071643
918.2616142790653, 57.97527092988296
931.6180370190256, 57.991118540591394
945.1687334013056, 58.009414032055055
958.9165292011028, 58.03673140603558
972.8642912954606, 58.0779216878381
987.0149282611097, 58.12213952222676
1001.3713909810035, 58.186045071691716
1015.9366732596762, 58.25088014877801
1030.7138124475518, 58.33988062086217
1045.7058900743334, 58.434885563271045
1060.916032491606, 58.54409286441324
1076.3474115247852, 58.665395052322204
1092.0032451345498, 58.79288715095303
1107.8867980878947, 58.93423937831654
1124.0013826389438, 59.077647621171224
1140.350359219667, 59.23278013405783
1156.9371371406426, 59.390262962097786
1173.765175302013, 59.5583011491426
1190.837982914782, 59.73217884567098
1208.1591202326028, 59.9071488611917
1225.73219929421, 60.08274862825539
1243.5608846766518, 60.26002861302629
1261.648894259477, 60.43492016051582
1280.0000000000375, 60.61235556414133
1298.6180287200684, 60.782053512816425
1317.5068629037087, 60.95267621438621
1336.6704415071292, 61.117494577398475
1356.112760779938, 61.27892822654731
1375.8378750985323, 61.43993710288041
1395.8498978115715, 61.597091015325226
1416.153002097749, 61.75611602569007
1436.7514218360407, 61.90420460939225
1457.6494524886093, 62.0544471911448
1478.8514519965543, 62.195049558229044
1500.3618416886875, 62.3337336977951
1522.1851072035295, 62.471721416444346
1544.3257994247153, 62.60863332198946
1566.788535430007, 62.74577158957473
1589.5779994541087, 62.877302629005214
1612.6989438654878, 63.010746831458896
1636.156190157402, 63.144329257560486
1659.9546299533442, 63.27967305498995
1684.099226027109, 63.41795482399352
1708.5950133376978, 63.55882474932769
1733.4471000792773, 63.70054094232754
1758.6606687464096, 63.84205148650095
1784.2409772147755, 63.98554595096969
1810.193359837619, 64.13009955195271
1836.5232285581387, 64.27675573347847
1863.2360740380593, 64.42742350222036
1890.3374668026197, 64.58079285341553
1917.833058402214, 64.73199998024768
1945.7285825909298, 64.8811119419743
1974.0298565222283, 65.03263325034335
2002.7427819620161, 65.18718213996446
2031.8733465193618, 65.34397899494934
2061.4276248951132, 65.4924759794577
2091.411780148677, 65.64253756556538
2121.832064983222, 65.78988369569088
2152.694823049581, 65.93690834573525
2184.0064902691106, 66.08280543435843
2215.7735961758003, 66.22560475486642
2248.002765277899, 66.36858120333727
2280.7007184393456, 66.49754338689992
2313.874274281297, 66.62838136861676
2347.530350604038, 66.75260429491424
2381.6759658295764, 66.87682376747222
2416.318240465218, 66.99865516045351
2451.4643985884327, 67.11873356231986
2487.1217693533167, 67.2382424177836
2523.2977885189675, 67.35300336490576
2560.0000000000887, 67.46943354844157
2597.236057440151, 67.57432272408988
2635.0137258074315, 67.68051828422222
2673.340883014273, 67.7765164154473
2712.225521559891, 67.86891346307127
2751.6757501970797, 67.95277595534859
2791.699795623158, 68.02422613786378
2832.3060041955137, 68.09251873094252
2873.502843672097, 68.1359669396617
2915.2989049772345, 68.18004711712913
2957.7029039931244, 68.19980137352387
3000.723683377391, 68.21571116067692
3044.370214407075, 68.21911245522166
3088.6515988494466, 68.21314709545729
3133.57707086003, 68.19976523115179
3179.1559989082334, 68.16848969374922
3225.3978877309914, 68.13659186651172
3272.3123803148205, 68.08982850011013
3319.9092599067053, 68.0423849448814
3368.198452054235, 67.98054851120797
3417.190026675413, 67.91267064924664
3466.8942001585724, 67.8405448197667
3517.3213374928373, 67.76327834163472
3568.4819544295697, 67.68201961040948
3620.386719675257, 67.58461683520133
3673.0464571162966, 67.48579730400394
3726.472148076138, 67.37681795540959
3780.6749336052594, 67.26503414486626
3835.6661168044484, 67.14884105788093
3891.45716518188, 67.02904345093481
3948.059713044477, 66.9042893777011
4005.4855639240527, 66.77052167797328
4063.746693038744, 66.63483064257632
4122.855249790247, 66.49801097274249
4182.823560297375, 66.35920121498489
4243.664129966465, 66.22443191148228
4305.389646099183, 66.08982811979175
4368.012980538242, 65.959674256899
4431.5471923516225, 65.83528232993883
4496.00553055582, 65.71165579229724
4561.401436878714, 65.59859812652063
4627.748548562617, 65.48389599912805
4695.060701208099, 65.36981979605518
4763.351931659176, 65.25437166459855
4832.63648093046, 65.1294115257984
4902.928797176889, 64.99749245529759
4974.243538706657, 64.85585470147242
5046.595577037959, 64.69555745902771
5120.000000000202, 64.53194549101222
5194.472114880326, 64.33991843664836
5270.027451614888, 64.14509828446171
5346.6817660285715, 63.93878764573806
5424.451043119808, 63.72659399279274
5503.351500394186, 63.51180206003873
5583.399591246343, 63.294448781985764
5664.612008391055, 63.07760599104192
5747.005687344222, 62.87436337865716
5830.597809954497, 62.66816453440169
5915.405807986278, 62.4983103781868
6001.447366754812, 62.330604569367004
6088.740428814181, 62.190877005656
6177.303197698925, 62.06862976289563
6267.154141720092, 61.9658357019503
6358.3119978165005, 61.90558813925455
6450.795775462017, 61.84699947636797
6544.624760629676, 61.843484371279686
6639.818519813445, 61.83991813781055
6736.396904108505, 61.874752390613466
6834.380053350861, 61.92223840676843
6933.788400317181, 62.00184699261417
7034.642674985712, 62.116964929818906
7136.963908859177, 62.24466446563233
7240.773439350552, 62.41847049813471
7346.092914232631, 62.594804597594
7452.944296152315, 62.772799987538754
7561.349867210557, 62.9533041919735
7671.332233608935, 63.05974550886754
7782.914330363799, 63.124137757680636
7896.119426088994, 63.098946153509736
8010.971127848146, 62.909730943399786
8127.49338607753, 62.62820386150465
8245.710499580537, 62.1111947276409
8365.647120594791, 61.52922602652484
8487.328259932974, 60.907253052557074
8610.77929219841, 60.28086904068376
8736.025961076528, 59.67008572991973
8863.094384703289, 59.096681323014856
8992.011061111683, 58.5654190221365
9122.802873757471, 58.05329784767312
9255.497097125279, 57.59974378289845
9390.121402416245, 57.207450786513306
9526.7038633184, 56.92170103290378
9665.272961860968, 56.631863653540954
9805.857594353829, 56.40877636064082
9948.487077413367, 56.18244418834516
10093.19115407597, 56.042064345266276
10240.000000000457, 55.935392352374016
10388.944229760706, 55.84778052159139
10540.05490322983, 55.78623359141009
10693.363532057198, 55.700175299233905
10848.902086239672, 55.47637519808627
11006.703000788428, 55.249319849508396
11166.799182492743, 54.91459037456676
11329.224016782166, 54.57138051228549
11494.0113746885, 54.30268668220249
11661.195619909053, 54.04023039477053
11830.811615972614, 53.906463857012795
12002.894733509682, 53.82648120545624
12177.48085762842, 53.83787516237307
12354.606395397908, 53.97711429081713
12534.308283440243, 54.136884769988946
12716.62399563306, 54.411972460174375
12901.591550924093, 54.691061392950736
13089.249521259411, 54.95069717878984
13279.637039626952, 55.210355188725345
13472.793808217073, 55.39930068748552
13668.760106701786, 55.53765305886774
13867.576800634426, 55.62569771257969
14069.285349971487, 55.59441777832516
14273.927817718419, 55.560089799512596
14481.54687870117, 55.405283544849546
14692.18582846533, 55.24822558136201
14905.888592304698, 55.0662504674633
15122.699734421185, 54.87348361584631
15342.664467217943, 54.7088469723145
15565.828660727671, 54.57963533409422
15792.238852178061, 54.46645426765894
16021.942255696367, 54.44125619134791
16254.986772155136, 54.41569160057715
16491.42099916115, 54.45424842686715
16731.294241189662, 54.5018192569894
16974.65651986603, 54.56721724397826
17221.558584396902, 54.64492076798232
17472.051922153143, 54.71329682520821
17726.188769406665, 54.76048253137978
17984.022122223458, 54.80454304438971
18245.605747515034, 54.75776029023641
18510.99419425065, 54.71029706525466
18780.242804832582, 54.56034875424159
19053.40772663689, 54.37535514822265
19330.545923722028, 54.35442828033705
19611.71518870775, 54.35442828033705
19896.974154826825, 54.35442828033705
20186.382308152035, 54.35442828033705