20	65.46213477461183
20.290906698750476	65.43767006278517
20.586044732869844	65.41984746872195
20.885475648548283	65.41005059971286
21.189261887185914	65.40736093160939
21.49746679841394	65.411871684517
21.810154653305165	65.4222906062772
22.12739065777668	65.43752766400294
22.449240966187475	65.45636936374653
22.77577269513385	65.47703192858692
23.107053937445478	65.49884565233792
23.44315377638505	65.519874698311
23.784142300054445	65.53991463907288
24.130090616010463	65.55760758283351
24.481070866093134	65.5728100527196
24.837156241469714	65.58509054311114
25.1984209978975	65.5941496772571
25.56494047120865	65.60035002812383
25.936791093020236	65.60312795239359
26.3140504066728	65.60355490920854
26.69679708340074	65.60103569822485
27.08511093873791	65.59656616944298
27.47907294916184	65.59019586412542
27.878765268980047	65.58245725129291
28.284271247461966	65.57385183236246
28.695675446220072	65.56425872489436
29.11306365684382	65.55449624074205
29.536522918790062	65.54388934793528
29.966141537533712	65.53324704697246
30.402009102982383	65.5219910532383
30.844216508158908	65.51057138747372
31.29285596815558	65.49899917279419
31.74802103936409	65.48731873229325
32.20980663898519	65.47615279251258
32.67830906482211	65.46513041449823
33.153626015361866	65.4554367755825
33.63585661014871	65.44649792962005
34.125101410453844	65.43924978864116
34.62146244024586	65.43360803175416
35.12504320746613	65.42993425375326
35.635948725613716	65.4285258264077
36.15428553564419	65.4291819526192
36.68016172818701	65.43321783797946
37.21368696608603	65.43833230182071
37.754972507267915	65.44329966871877
38.30413122794313	65.44698445473885
38.86127764614443	65.44822232403581
39.4265279456077	65.4451176382114
40.000000000000206	65.4361428391317
40.58181339750116	65.42110313017216
41.1720894657399	65.39976350673942
41.77095129709678	65.37423172918223
42.37852377437204	65.3452308202456
42.9949335968281	65.31495314417525
43.62030930661056	65.28425277303985
44.25478131555359	65.25405284893435
44.89848193237519	65.22490079888586
45.55154539026795	65.19669923669875
46.21410787489121	65.17088229148581
46.88630755277036	65.1454823074542
47.56828460010916	65.11995812095661
48.260181232021196	65.09428572544734
48.962141732186545	65.06876001541796
49.674312482939705	65.04301140427485
50.39684199579528	65.01667588760247
51.129880942417586	64.98992447805794
51.873582186040764	64.96191920555329
52.628100813345895	64.93336576672556
53.393594166801776	64.90320129360379
54.17022187747612	64.87189449616729
54.95814589832399	64.83890990411808
55.75753053796041	64.80421956801415
56.56854249492426	64.7678101678908
57.39135089244048	64.72916387391909
58.226127313687975	64.688805195224
59.073045837580466	64.64589266500906
59.932283075067765	64.60117121533132
60.804018205965114	64.55408045279128
61.68843301631817	64.50520408083423
62.58571193631152	64.4547876174979
63.49604207872855	64.40325807730197
64.41961327797075	64.35172967708759
65.35661812964459	64.30040992074284
66.3072520307241	64.2510281963849
67.27171322029778	64.20337507168868
68.25020282090806	64.15844445165565
69.2429248804921	64.11578618494408
70.25008641493265	64.07501350381617
71.27189745122783	64.03538557446163
72.30857107128878	63.99545375560302
73.36032345637442	63.954766614632206
74.42737393217246	63.91160319860987
75.50994501453623	63.865988743195444
76.60826245588666	63.816798860160375
77.72255529228926	63.76416782062881
78.85305589121582	63.70792090409438
80.00000000000082	63.648035822968794
81.16362679500274	63.58510289551937
82.34417893148023	63.51876342996485
83.541902594194	63.45021370066064
84.75704754874454	63.378888934942395
85.98986719365665	63.30574576030759
87.24061861322157	63.23070949513297
88.50956263110764	63.154200415971005
89.79696386475084	63.07661561666369
91.10309078053635	62.998000631057494
92.42821574978288	62.92007158131341
93.77261510554118	62.841261060912174
95.13656920021877	62.76145101337313
96.52036246404286	62.68104315661674
97.92428346437356	62.60073454947633
99.34862496587989	62.52051300029591
100.79368399159105	62.44034821848594
102.25976188483567	62.36068671361801
103.74716437208203	62.28093872116972
105.25620162669229	62.20200006654704
106.78718833360406	62.12296535603521
108.34044375495276	62.044419575130206
109.9162917966485	61.96588998961789
111.51506107592134	61.88738873188498
113.13708498984903	61.80889192550326
114.78270178488147	61.73003606178548
116.45225462737648	61.6521421787634
118.14609167516147	61.57331236700162
119.86456615013608	61.49319201169423
121.60803641193078	61.412095251882185
123.3768660326369	61.330822145848366
125.17142387262359	61.24966121254768
126.99208415745765	61.16903504366133
128.83922655594208	61.08985078961932
130.71323625928977	61.01181776869423
132.61450406144883	60.93581523763192
134.5434264405962	60.86058969593276
136.50040564181674	60.78614783765088
138.48584976098482	60.71137282758497
140.50017282986593	60.635720739038625
142.5437949024563	60.55876322791149
144.61714214257822	60.47972639253343
146.7206469127495	60.39897495034339
148.8547478643456	60.31561124421288
151.01989002907314	60.2303839871928
153.216524911774	60.142756564382196
155.4451105845792	60.05337294499703
157.70611178243232	59.962513838355996
160.00000000000236	59.87064913303425
162.3272535900062	59.77891027606578
164.6883578629612	59.68758101032312
167.08380518838874	59.598563585938315
169.51409509748981	59.51206365593554
171.97973438731407	59.429822506647426
174.4812372264439	59.3525127672017
177.01912526221608	59.28125594525835
179.5939277295025	59.21702704475002
182.20618156107355	59.16010732677147
184.85643149956664	59.11144000931286
187.54523021108326	59.07007947926958
190.27313840043846	59.035938944183634
193.04072492808663	59.00680417655813
195.84856692874806	58.98098314845199
198.69724993176072	58.95618920273387
201.58736798318304	58.930676564069806
204.5195237696723	58.904136136590104
207.49432874416505	58.87626032190619
210.5124032533856	58.84889362768614
213.57437666720915	58.8222794526511
216.68088750990657	58.79794717021276
219.83258359329807	58.775977224403675
223.03012215184378	58.7565854252686
226.2741699796992	58.73968050117834
229.5654035697641	58.724725044577276
232.90450925475412	58.71280220238743
236.2921833503241	58.701817717947385
239.72913230027333	58.69121528800488
243.21607282386276	58.68106603553056
246.75373206527502	58.67180996252933
250.34284774524843	58.66320060008302
253.9841683149166	58.65500067739691
257.67845311188546	58.647423334058736
261.42647251858085	58.63967574515602
265.22900812289896	58.632470978169074
269.08685288119375	58.62481660007424
273.0008112836349	58.617320713000844
276.97169952197106	58.609641218234174
281.00034565973334	58.602060730588136
285.0875898049141	58.59490038078165
289.23428428515797	58.588230130244035
293.44129382550057	58.58377455765218
297.7094957286928	58.58003356537887
302.0397800581479	58.57693000614092
306.4330498235497	58.57489233050774
310.89022116916016	58.57461502606163
315.41222356486645	58.5760380632034
320.00000000000654	58.579088736569624
324.6545071800142	58.584133251855626
329.3767157259242	58.59052924700592
334.16761037677935	58.599106430119164
339.02819019498156	58.60893639022077
343.95946877463007	58.62061054919004
348.9624744528898	58.63367153848052
354.03825052443415	58.64819361037571
359.187855459007	58.66418621170748
364.4123631221491	58.68112902000609
369.71286299913527	58.6993867360835
375.0904604221685	58.717817754932064
380.54627680087896	58.73664055551502
386.08144985617537	58.754485564247105
391.6971338574982	58.770959393872914
397.3944998635236	58.7851930646776
403.1747359663683	58.79660996613062
409.0390475393468	58.805482873283324
414.9886574883323	58.81147949075966
421.0248065067734	58.81598715680832
427.1487533344206	58.81869960396444
433.3617750198154	58.82073962089687
439.6651671865984	58.82201671160101
446.06024430368984	58.82282080036934
452.54833995940066	58.82326437130457
459.13080713953053	58.82289833110174
465.8090185095106	58.822192099532174
472.58436670065066	58.820222611069994
479.45826460054917	58.81758713690399
486.432145647728	58.81345555666984
493.50746413055253	58.80807525081968
500.6856954904994	58.801161793033735
507.9683366298358	58.79249849131017
515.3569062237735	58.78236079616985
522.8529450371643	58.770082435946115
530.4580162458005	58.756507062870995
538.1737057623901	58.74077084321699
546.0016225672724	58.72356991905338
553.9433990439449	58.70458557656938
562.0006913194694	58.684091338554296
570.1751796098309	58.66235035826112
578.4685685703187	58.63919575579665
586.8825876510039	58.61545573926553
595.4189914573883	58.59061446345864
604.0795601162986	58.566738668309
612.8660996471021	58.54252532747834
621.780442338323	58.517723298672124
630.8244471297356	58.492578628265555
640.0000000000159	58.4676578874629
649.3090143600314	58.44344196334697
658.7534314518515	58.41940828506692
668.3352207535618	58.39647328442294
678.0563803899662	58.37378854701672
687.9189375492632	58.352010284462516
697.9249489057827	58.330727215663266
708.0765010488715	58.3100841472278
718.3757109180171	58.29017576082815
728.8247262443015	58.270644754916155
739.425725998274	58.25210324146048
750.1809208443404	58.23380952840692
761.0925536017613	58.217598500218706
772.1628997123541	58.20192276427321
783.3942677149998	58.18065049161248
794.7889997270506	58.15538602264234
806.34947193274	58.13773392668764
818.0780950786972	58.137720260391525
829.9773149766683	58.13839182152853
842.0496130135506	58.17017645159273
854.2975066688449	58.202281275673855
866.7235500396347	58.22798988598202
879.3303343732008	58.251331329954844
892.1204886073838	58.27670314530406
905.0966799188055	58.30472459943105
918.2616142790653	58.33384322996799
931.6180370190256	58.36727602128743
945.1687334013056	58.401833199077245
958.9165292011028	58.42891028258624
972.8642912954606	58.456487901221564
987.0149282611097	58.492314809981345
1001.3713909810035	58.53482490852859
1015.9366732596762	58.57995754314249
1030.7138124475518	58.62776788546152
1045.7058900743334	58.67760947543331
1060.916032491606	58.728333669493416
1076.3474115247852	58.780182791615786
1092.0032451345498	58.83385896156182
1107.8867980878947	58.88814126861486
1124.0013826389438	58.94503303586667
1140.350359219667	59.00493088069501
1156.9371371406426	59.065108279788625
1173.765175302013	59.129569740942785
1190.837982914782	59.1931604713265
1208.1591202326028	59.25574687247524
1225.73219929421	59.317434111686254
1243.5608846766518	59.38315820191529
1261.648894259477	59.45157777490723
1280.0000000000375	59.52113267303153
1298.6180287200684	59.594107238929205
1317.5068629037087	59.6669030054092
1336.6704415071292	59.7435440911681
1356.112760779938	59.82019360924313
1375.8378750985323	59.90068534770272
1395.8498978115715	59.982792561751666
1416.153002097749	60.06905904249219
1436.7514218360407	60.16050523971594
1457.6494524886093	60.25236502167728
1478.8514519965543	60.343678321771876
1500.3618416886875	60.435776621211865
1522.1851072035295	60.53367567932
1544.3257994247153	60.633239365439124
1566.788535430007	60.73559015041246
1589.5779994541087	60.84026152040559
1612.6989438654878	60.94511217991973
1636.156190157402	61.048908562628036
1659.9546299533442	61.15390140034154
1684.099226027109	61.259315612461876
1708.5950133376978	61.366015864736326
1733.4471000792773	61.47601116545147
1758.6606687464096	61.58811925549189
1784.2409772147755	61.70010387239657
1810.193359837619	61.811642150939775
1836.5232285581387	61.92433421876828
1863.2360740380593	62.03667854183962
1890.3374668026197	62.15067965056342
1917.833058402214	62.265390063645846
1945.7285825909298	62.38178122149739
1974.0298565222283	62.4993439174915
2002.7427819620161	62.61839560641874
2031.8733465193618	62.737632216535005
2061.4276248951132	62.85472165550111
2091.411780148677	62.973787257725306
2121.832064983222	63.09128782048652
2152.694823049581	63.21059987837714
2184.0064902691106	63.337610888918675
2215.7735961758003	63.46802482072363
2248.002765277899	63.59996869841165
2280.7007184393456	63.732927461884394
2313.874274281297	63.8689479913529
2347.530350604038	64.02294985497319
2381.6759658295764	64.17515746802891
2416.318240465218	64.331343258598
2451.4643985884327	64.48653877005053
2487.1217693533167	64.64357176073108
2523.2977885189675	64.8022884080313
2560.0000000000887	64.96112321300542
2597.236057440151	65.1204011997703
2635.0137258074315	65.28127074378871
2673.340883014273	65.4391399623959
2712.225521559891	65.59836248204759
2751.6757501970797	65.75447662470822
2791.699795623158	65.9086992926805
2832.3060041955137	66.04908919284222
2873.502843672097	66.17200289894102
2915.2989049772345	66.28544634253213
2957.7029039931244	66.36606213778857
3000.723683377391	66.44424016761357
3044.370214407075	66.50521575441306
3088.6515988494466	66.5656516935717
3133.57707086003	66.6020837217407
3179.1559989082334	66.62551548298501
3225.3978877309914	66.6266897851046
3272.3123803148205	66.56992478105681
3319.9092599067053	66.51910358986929
3368.198452054235	66.39842321203426
3417.190026675413	66.28407208339056
3466.8942001585724	66.14646115707944
3517.3213374928373	66.00273441597332
3568.4819544295697	65.85732988249639
3620.386719675257	65.70830382396227
3673.0464571162966	65.55753841642758
3726.472148076138	65.39440289784292
3780.6749336052594	65.23119902179747
3835.6661168044484	65.07423264706554
3891.45716518188	64.91838937515398
3948.059713044477	64.7687060931436
4005.4855639240527	64.62344579928552
4063.746693038744	64.48107996465087
4122.855249790247	64.3439649435178
4182.823560297375	64.20578760840095
4243.664129966465	64.07395132690017
4305.389646099183	63.93825715725887
4368.012980538242	63.8086408308925
4431.5471923516225	63.676897252246754
4496.00553055582	63.5467404180964
4561.401436878714	63.41938601237095
4627.748548562617	63.287951808079086
4695.060701208099	63.16505678943463
4763.351931659176	63.03520172557375
4832.63648093046	62.92160936390181
4902.928797176889	62.80501845145269
4974.243538706657	62.697942312856995
5046.595577037959	62.59591219398205
5120.000000000202	62.49575963437326
5194.472114880326	62.40560257672108
5270.027451614888	62.31211645429794
5346.6817660285715	62.226105596314184
5424.451043119808	62.138789862339365
5503.351500394186	62.05801386276764
5583.399591246343	61.98248292710247
5664.612008391055	61.916944706654164
5747.005687344222	61.864656960328226
5830.597809954497	61.82235441697484
5915.405807986278	61.7899131715685
6001.447366754812	61.76726862001941
6088.740428814181	61.75056549127767
6177.303197698925	61.738513446038766
6267.154141720092	61.748546489480134
6358.3119978165005	61.770714656000976
6450.795775462017	61.78734091325972
6544.624760629676	61.794138585181834
6639.818519813445	61.79087123500023
6736.396904108505	61.79871112189533
6834.380053350861	61.78945180817833
6933.788400317181	61.79757548624373
7034.642674985712	61.79394775849022
7136.963908859177	61.80430764617777
7240.773439350552	61.83206281873499
7346.092914232631	61.83394408817831
7452.944296152315	61.85417894438008
7561.349867210557	61.851700071595076
7671.332233608935	61.79735748970841
7782.914330363799	61.80399553485281
7896.119426088994	61.78247563470886
8010.971127848146	61.768019844747954
8127.49338607753	61.80400696464754
8245.710499580537	61.71633521701557
8365.647120594791	61.64884723697868
8487.328259932974	61.6367893712142
8610.77929219841	61.55610163691026
8736.025961076528	61.48314307705645
8863.094384703289	61.388002570950356
8992.011061111683	61.29794412425037
9122.802873757471	61.20576946296057
9255.497097125279	61.09993025135428
9390.121402416245	60.9875708511708
9526.7038633184	60.86619745771563
9665.272961860968	60.74921183261658
9805.857594353829	60.627767910167904
9948.487077413367	60.5184248677836
10093.19115407597	60.40970156477913
10240.000000000457	60.30532558808316
10388.944229760706	60.20435443461991
10540.05490322983	60.10529545375863
10693.363532057198	60.01954685096172
10848.902086239672	59.92878244042322
11006.703000788428	59.843647392634885
11166.799182492743	59.753101898120725
11329.224016782166	59.6686642673534
11494.0113746885	59.58518385369608
11661.195619909053	59.502556550835926
11830.811615972614	59.42456213535599
12002.894733509682	59.345223176888446
12177.48085762842	59.272670823969456
12354.606395397908	59.19834701465507
12534.308283440243	59.126972932448325
12716.62399563306	59.05468738682832
12901.591550924093	58.983190344866564
13089.249521259411	58.91187053454517
13279.637039626952	58.839916372957276
13472.793808217073	58.7718309758745
13668.760106701786	58.70028491421149
13867.576800634426	58.624577159294724
14069.285349971487	58.54495439494773
14273.927817718419	58.46444108413467
14481.54687870117	58.381741361814036
14692.18582846533	58.29654913819527
14905.888592304698	58.209759939111485
15122.699734421185	58.120743736159675
15342.664467217943	58.0320387023087
15565.828660727671	57.940222668704685
15792.238852178061	57.85007033104749
16021.942255696367	57.75643657009004
16254.986772155136	57.659059810389685
16491.42099916115	57.557488567770484
16731.294241189662	57.45116829142994
16974.65651986603	57.34229052218144
17221.558584396902	57.22945403995918
17472.051922153143	57.11354546153387
17726.188769406665	56.996663057729094
17984.022122223458	56.88311251837211
18245.605747515034	56.77428303709029
18510.99419425065	56.67272644588866
18780.242804832582	56.58164902598452
19053.40772663689	56.50155995985683
19330.545923722028	56.43228164994926
19611.71518870775	56.35857564513503
19896.974154826825	56.25718458867816
20186.382308152035	56.095183922738386