20	59.93245850287432
20.290906698750476	59.95407310276652
20.586044732869844	59.997829403954455
20.885475648548283	60.05714742600028
21.189261887185914	60.1271534425797
21.49746679841394	60.19914098991426
21.810154653305165	60.26991498303485
22.12739065777668	60.35115730976231
22.449240966187475	60.43615635987173
22.77577269513385	60.5081380334727
23.107053937445478	60.55802105137513
23.44315377638505	60.60164696880279
23.784142300054445	60.637385322107974
24.130090616010463	60.668371110489055
24.481070866093134	60.69545487560392
24.837156241469714	60.719386386453074
25.1984209978975	60.74630040579959
25.56494047120865	60.78120856499372
25.936791093020236	60.81469738196946
26.3140504066728	60.842481747227176
26.69679708340074	60.869820604488865
27.08511093873791	60.88896831485372
27.47907294916184	60.905226488822116
27.878765268980047	60.921639235908806
28.284271247461966	60.93837077372881
28.695675446220072	60.95555135702961
29.11306365684382	60.9732819332196
29.536522918790062	60.99163815486123
29.966141537533712	61.010673826611956
30.402009102982383	61.030423861903074
30.844216508158908	61.05090681897105
31.29285596815558	61.072127078992125
31.74802103936409	61.09261331194026
32.20980663898519	61.10703425406857
32.67830906482211	61.12201827648398
33.153626015361866	61.12964021692062
33.63585661014871	61.136407791175195
34.125101410453844	61.153521399193835
34.62146244024586	61.17917360564599
35.12504320746613	61.19990052710024
35.635948725613716	61.204005287892805
36.15428553564419	61.20810462065538
36.68016172818701	61.22481288747946
37.21368696608603	61.242539194688675
37.754972507267915	61.25395668709251
38.30413122794313	61.26125875826973
38.86127764614443	61.26776527910605
39.4265279456077	61.27274620347083
40.000000000000206	61.27729201382209
40.58181339750116	61.28094005762733
41.1720894657399	61.284046563407074
41.77095129709678	61.28711677074861
42.37852377437204	61.28985058076606
42.9949335968281	61.29098910871718
43.62030930661056	61.28975419893842
44.25478131555359	61.28784110961076
44.89848193237519	61.28502246600822
45.55154539026795	61.28154547571718
46.21410787489121	61.276400847282815
46.88630755277036	61.27023407431675
47.56828460010916	61.26286306606336
48.260181232021196	61.25406822252913
48.962141732186545	61.244953302753004
49.674312482939705	61.238211482701196
50.39684199579528	61.230753992119
51.129880942417586	61.223341491241484
51.873582186040764	61.21530076023956
52.628100813345895	61.204580843450316
53.393594166801776	61.19089601021742
54.17022187747612	61.176207627065075
54.95814589832399	61.1612026194772
55.75753053796041	61.14478075762431
56.56854249492426	61.13183783530444
57.39135089244048	61.118211681505876
58.226127313687975	61.102246073060186
59.073045837580466	61.083948000794656
59.932283075067765	61.063056175152504
60.804018205965114	61.03753242524463
61.68843301631817	61.01008029756465
62.58571193631152	60.98610494246151
63.49604207872855	60.96080521195441
64.41961327797075	60.93293304653127
65.35661812964459	60.90273688527961
66.3072520307241	60.87042676985464
67.27171322029778	60.83554424415704
68.25020282090806	60.79896379582354
69.2429248804921	60.767652731752584
70.25008641493265	60.735123752999286
71.27189745122783	60.699637415415786
72.30857107128878	60.661997173721744
73.36032345637442	60.62313870452969
74.42737393217246	60.58316187364728
75.50994501453623	60.54226053101434
76.60826245588666	60.505046705633596
77.72255529228926	60.467044743942
78.85305589121582	60.422488624793935
80.00000000000082	60.374834987675335
81.16362679500274	60.32524916218597
82.34417893148023	60.27310047018114
83.541902594194	60.22071323334067
84.75704754874454	60.17145519746112
85.98986719365665	60.12181144393992
87.24061861322157	60.072088993033546
88.50956263110764	60.02214422339256
89.79696386475084	59.97156852747645
91.10309078053635	59.920291851941144
92.42821574978288	59.86912504396933
93.77261510554118	59.82011353267084
95.13656920021877	59.770850309565326
96.52036246404286	59.72261689177734
97.92428346437356	59.67437568936109
99.34862496587989	59.62778432298427
100.79368399159105	59.58278409667824
102.25976188483567	59.53745605088723
103.74716437208203	59.49194567687887
105.25620162669229	59.44590334625405
106.78718833360406	59.39855854322969
108.34044375495276	59.35040590043262
109.9162917966485	59.303020185810276
111.51506107592134	59.255995781404124
113.13708498984903	59.20840811579973
114.78270178488147	59.16097800176062
116.45225462737648	59.11242021435515
118.14609167516147	59.06630152013207
119.86456615013608	59.01918976950509
121.60803641193078	58.971659334156314
123.3768660326369	58.923296529632196
125.17142387262359	58.872507277419295
126.99208415745765	58.817957634122735
128.83922655594208	58.76180147331406
130.71323625928977	58.711457864438025
132.61450406144883	58.659739216514254
134.5434264405962	58.60681415528079
136.50040564181674	58.55269613231166
138.48584976098482	58.49840666163212
140.50017282986593	58.444962689036934
142.5437949024563	58.3908080136136
144.61714214257822	58.333342038757415
146.7206469127495	58.27598989485409
148.8547478643456	58.22546637807457
151.01989002907314	58.17840939219029
153.216524911774	58.13397572853791
155.4451105845792	58.093054541165465
157.70611178243232	58.05407207336684
160.00000000000236	58.013666201384964
162.3272535900062	57.9760141034696
164.6883578629612	57.94789141694489
167.08380518838874	57.92453314215758
169.51409509748981	57.903500315780896
171.97973438731407	57.88453979003229
174.4812372264439	57.86889405411132
177.01912526221608	57.860532118032104
179.5939277295025	57.85406644676101
182.20618156107355	57.84623582242127
184.85643149956664	57.8388826323712
187.54523021108326	57.83640515935642
190.27313840043846	57.83781190482799
193.04072492808663	57.83741626319559
195.84856692874806	57.8317379818803
198.69724993176072	57.82383081634314
201.58736798318304	57.82084132612655
204.5195237696723	57.81620178872704
207.49432874416505	57.80860619619917
210.5124032533856	57.79873283222204
213.57437666720915	57.78798845823804
216.68088750990657	57.77748102454597
219.83258359329807	57.766773143496835
223.03012215184378	57.761751441562296
226.2741699796992	57.757294227628456
229.5654035697641	57.75231754293017
232.90450925475412	57.74711244076583
236.2921833503241	57.742400902550116
239.72913230027333	57.73844954250769
243.21607282386276	57.73438717887656
246.75373206527502	57.731159198769376
250.34284774524843	57.72753247809046
253.9841683149166	57.7249526018387
257.67845311188546	57.72239388556571
261.42647251858085	57.71943060883059
265.22900812289896	57.71616910920139
269.08685288119375	57.71179611883951
273.0008112836349	57.70608315399174
276.97169952197106	57.69898069385839
281.00034565973334	57.69032131792645
285.0875898049141	57.68002162688393
289.23428428515797	57.669539653674
293.44129382550057	57.65923773923445
297.7094957286928	57.64755564395517
302.0397800581479	57.637002378777915
306.4330498235497	57.62460089948512
310.89022116916016	57.62830562970388
315.41222356486645	57.63452674687592
320.00000000000654	57.64344381492895
324.6545071800142	57.65513503007769
329.3767157259242	57.66122796134309
334.16761037677935	57.64783093095807
339.02819019498156	57.63281404957912
343.95946877463007	57.63334487743184
348.9624744528898	57.63505341092483
354.03825052443415	57.63768883553832
359.187855459007	57.64091836486053
364.4123631221491	57.6367819481235
369.71286299913527	57.61248092521394
375.0904604221685	57.587165698362696
380.54627680087896	57.586012214882594
386.08144985617537	57.58604179041662
391.6971338574982	57.58353869229421
397.3944998635236	57.57943021370509
403.1747359663683	57.56919689619143
409.0390475393468	57.54584492647494
414.9886574883323	57.522031934155216
421.0248065067734	57.52066408067025
427.1487533344206	57.51903288643855
433.3617750198154	57.512230033799085
439.6651671865984	57.50279625595809
446.06024430368984	57.488501472198514
452.54833995940066	57.4664050583183
459.13080713953053	57.44478831013174
465.8090185095106	57.44051965708343
472.58436670065066	57.4356783263031
479.45826460054917	57.43023137236618
486.432145647728	57.424135348269324
493.50746413055253	57.40957632174147
500.6856954904994	57.384255939060424
507.9683366298358	57.35905089462761
515.3569062237735	57.34125852794585
522.8529450371643	57.322140282703984
530.4580162458005	57.30846454511264
538.1737057623901	57.294823949188874
546.0016225672724	57.2795958745821
553.9433990439449	57.26280965397634
562.0006913194694	57.24465780295355
570.1751796098309	57.22553689444226
578.4685685703187	57.20604338362967
586.8825876510039	57.186888275408855
595.4189914573883	57.16871935818762
604.0795601162986	57.15189914446308
612.8660996471021	57.136343173680274
621.780442338323	57.12151249707944
630.8244471297356	57.106563455069626
640.0000000000159	57.09056438330597
649.3090143600314	57.0726738448824
658.7534314518515	57.05223220929943
668.3352207535618	57.02878402334873
678.0563803899662	57.002079677086925
687.9189375492632	56.974741662160724
697.9249489057827	56.950005591789626
708.0765010488715	56.92307889067912
718.3757109180171	56.90379969608282
728.8247262443015	56.88444520296945
739.425725998274	56.85347714863606
750.1809208443404	56.81906414721224
761.0925536017613	56.78735761901883
772.1628997123541	56.75874150842715
783.3942677149998	56.73450702510179
794.7889997270506	56.7282976476089
806.34947193274	56.72469510026535
818.0780950786972	56.71732981308915
829.9773149766683	56.70964993095906
842.0496130135506	56.69859132201049
854.2975066688449	56.683008193235764
866.7235500396347	56.668363792112245
879.3303343732008	56.65583755834945
892.1204886073838	56.644917834312544
905.0966799188055	56.65940260991261
918.2616142790653	56.68093022381362
931.6180370190256	56.70575846169684
945.1687334013056	56.73318559181854
958.9165292011028	56.76570812179326
972.8642912954606	56.81452754207603
987.0149282611097	56.863862802097145
1001.3713909810035	56.932284637217876
1015.9366732596762	57.00344042384157
1030.7138124475518	57.08669391781357
1045.7058900743334	57.17876465780607
1060.916032491606	57.27506037620049
1076.3474115247852	57.37956736173474
1092.0032451345498	57.48690320050704
1107.8867980878947	57.60338625994619
1124.0013826389438	57.72406023761976
1140.350359219667	57.8473929906829
1156.9371371406426	57.974627200904706
1173.765175302013	58.10723236043333
1190.837982914782	58.245197817542994
1208.1591202326028	58.38623592283865
1225.73219929421	58.524901733753794
1243.5608846766518	58.66526174654098
1261.648894259477	58.80510472809944
1280.0000000000375	58.944844631329985
1298.6180287200684	59.08302188991715
1317.5068629037087	59.21925435356638
1336.6704415071292	59.35460412691897
1356.112760779938	59.48711521513519
1375.8378750985323	59.61962066551074
1395.8498978115715	59.747629134238146
1416.153002097749	59.875599039840665
1436.7514218360407	60.002943017301234
1457.6494524886093	60.130565353625585
1478.8514519965543	60.25889924989763
1500.3618416886875	60.38582280367989
1522.1851072035295	60.51590117401931
1544.3257994247153	60.646565364953545
1566.788535430007	60.78108074544253
1589.5779994541087	60.91620425667393
1612.6989438654878	61.05380999896721
1636.156190157402	61.19471274069744
1659.9546299533442	61.337904527191625
1684.099226027109	61.48492286159081
1708.5950133376978	61.63051514650905
1733.4471000792773	61.779549597050824
1758.6606687464096	61.936391427064365
1784.2409772147755	62.097598181306616
1810.193359837619	62.25598822990797
1836.5232285581387	62.40991591527093
1863.2360740380593	62.566115384463565
1890.3374668026197	62.72710686257767
1917.833058402214	62.889526864783235
1945.7285825909298	63.041312859051814
1974.0298565222283	63.192029816289285
2002.7427819620161	63.34600681248935
2031.8733465193618	63.50307325350996
2061.4276248951132	63.65911114962218
2091.411780148677	63.808737674716376
2121.832064983222	63.960199835090705
2152.694823049581	64.11290773670032
2184.0064902691106	64.26798734133062
2215.7735961758003	64.42208146829704
2248.002765277899	64.57680632509746
2280.7007184393456	64.73259571005741
2313.874274281297	64.88726853310138
2347.530350604038	65.04247498629204
2381.6759658295764	65.19294476631634
2416.318240465218	65.33913054516738
2451.4643985884327	65.47202110714792
2487.1217693533167	65.59274775693366
2523.2977885189675	65.70269176690474
2560.0000000000887	65.80313008031526
2597.236057440151	65.8956663037848
2635.0137258074315	65.97551855174548
2673.340883014273	66.05659676388404
2712.225521559891	66.13940135488467
2751.6757501970797	66.2251586245041
2791.699795623158	66.30461582490884
2832.3060041955137	66.37410440416768
2873.502843672097	66.4324750624298
2915.2989049772345	66.46758816551804
2957.7029039931244	66.49383825030691
3000.723683377391	66.49397332576372
3044.370214407075	66.49369712002135
3088.6515988494466	66.47764017933568
3133.57707086003	66.45882888436319
3179.1559989082334	66.43939814317741
3225.3978877309914	66.39797945242766
3272.3123803148205	66.37385751827927
3319.9092599067053	66.30437371688065
3368.198452054235	66.24940139391175
3417.190026675413	66.16944222261121
3466.8942001585724	66.08201227631837
3517.3213374928373	65.99264346498114
3568.4819544295697	65.88858700120214
3620.386719675257	65.78759120973729
3673.0464571162966	65.66738672571304
3726.472148076138	65.5437428535752
3780.6749336052594	65.41514931809935
3835.6661168044484	65.27709154626976
3891.45716518188	65.13168485070359
3948.059713044477	64.9807956265622
4005.4855639240527	64.81414540660558
4063.746693038744	64.64069301325246
4122.855249790247	64.45303385494411
4182.823560297375	64.25821331650616
4243.664129966465	64.05659923779854
4305.389646099183	63.85543307984592
4368.012980538242	63.659530392534194
4431.5471923516225	63.46061844793035
4496.00553055582	63.261770403096165
4561.401436878714	63.05729442594863
4627.748548562617	62.85860303935864
4695.060701208099	62.65557045067788
4763.351931659176	62.44798547993766
4832.63648093046	62.237269061273025
4902.928797176889	62.02020673467671
4974.243538706657	61.81625585418603
5046.595577037959	61.60570607005805
5120.000000000202	61.40264650352471
5194.472114880326	61.19928608938486
5270.027451614888	60.99781063743521
5346.6817660285715	60.800356298254364
5424.451043119808	60.60612681894184
5503.351500394186	60.427218063235195
5583.399591246343	60.25367161850423
5664.612008391055	60.091940843378445
5747.005687344222	59.94157659843865
5830.597809954497	59.807985091868225
5915.405807986278	59.69325979795441
6001.447366754812	59.596171494132406
6088.740428814181	59.519544059855995
6177.303197698925	59.45784189415049
6267.154141720092	59.408091148568225
6358.3119978165005	59.36348884735574
6450.795775462017	59.322219558215835
6544.624760629676	59.275612163484695
6639.818519813445	59.22905225794783
6736.396904108505	59.21605585380013
6834.380053350861	59.18680412754513
6933.788400317181	59.175132979293494
7034.642674985712	59.158198352925154
7136.963908859177	59.142200805652195
7240.773439350552	59.12787576865445
7346.092914232631	59.115933976336855
7452.944296152315	59.11011601190028
7561.349867210557	59.103133140570876
7671.332233608935	59.07514816163663
7782.914330363799	59.04148826222889
7896.119426088994	59.003083109329125
8010.971127848146	58.95930447464082
8127.49338607753	58.910272592563885
8245.710499580537	58.8615615686078
8365.647120594791	58.82404459900631
8487.328259932974	58.74846764774644
8610.77929219841	58.69277094259472
8736.025961076528	58.60938761482346
8863.094384703289	58.51379198948414
8992.011061111683	58.40874209360981
9122.802873757471	58.286348593957804
9255.497097125279	58.148151872782094
9390.121402416245	58.01649986760344
9526.7038633184	57.87227549961517
9665.272961860968	57.725565748933484
9805.857594353829	57.574341657233404
9948.487077413367	57.418772475935306
10093.19115407597	57.25965714110799
10240.000000000457	57.097668719261726
10388.944229760706	56.938904957812
10540.05490322983	56.77616161329288
10693.363532057198	56.61701714216884
10848.902086239672	56.45554511715305
11006.703000788428	56.29400749595542
11166.799182492743	56.132468642972036
11329.224016782166	55.96880993886703
11494.0113746885	55.80958873929376
11661.195619909053	55.64660593584591
11830.811615972614	55.49253518693824
12002.894733509682	55.336975955518675
12177.48085762842	55.18130689796386
12354.606395397908	55.0250765669241
12534.308283440243	54.868852314835344
12716.62399563306	54.72038338445647
12901.591550924093	54.56897869016602
13089.249521259411	54.41974596705711
13279.637039626952	54.268210762854174
13472.793808217073	54.11927527786598
13668.760106701786	53.97132123216535
13867.576800634426	53.82262947382145
14069.285349971487	53.676035141398046
14273.927817718419	53.52707801197572
14481.54687870117	53.38180233847252
14692.18582846533	53.234528350877845
14905.888592304698	53.08217105326108
15122.699734421185	52.92610743439464
15342.664467217943	52.77122049312211
15565.828660727671	52.620777943241876
15792.238852178061	52.46841268567537
16021.942255696367	52.31205564571951
16254.986772155136	52.15392268693243
16491.42099916115	52.000053515162215
16731.294241189662	51.847092592962184
16974.65651986603	51.68992889345567
17221.558584396902	51.52713311324394
17472.051922153143	51.363803982701405
17726.188769406665	51.20815948223812
17984.022122223458	51.05160100564261
18245.605747515034	50.88969344747838
18510.99419425065	50.7253005589086
18780.242804832582	50.56209504662951
19053.40772663689	50.398083343510976
19330.545923722028	50.22326882117167
19611.71518870775	50.033784913921004
19896.974154826825	49.886239408652834
20186.382308152035	49.93765671501931