20	59.75531089233686
20.290906698750476	59.76835256989437
20.586044732869844	59.84656749342715
20.885475648548283	59.92605710392385
21.189261887185914	60.00847870392317
21.49746679841394	60.092400199216655
21.810154653305165	60.17478834288283
22.12739065777668	60.25679068899899
22.449240966187475	60.33946305712904
22.77577269513385	60.42225482206432
23.107053937445478	60.50610569287902
23.44315377638505	60.58789003441914
23.784142300054445	60.67098142469174
24.130090616010463	60.75108725154038
24.481070866093134	60.83135250330627
24.837156241469714	60.9115281887513
25.1984209978975	60.9916915426118
25.56494047120865	61.072498778131475
25.936791093020236	61.152561924204655
26.3140504066728	61.23389604941151
26.69679708340074	61.310531437796584
27.08511093873791	61.38813874799756
27.47907294916184	61.46646582435799
27.878765268980047	61.54579418459664
28.284271247461966	61.62281035390391
28.695675446220072	61.69575815221279
29.11306365684382	61.7690041451415
29.536522918790062	61.837416985169725
29.966141537533712	61.906922250799745
30.402009102982383	61.97487943229657
30.844216508158908	62.043443010867776
31.29285596815558	62.10930240967464
31.74802103936409	62.173332893223865
32.20980663898519	62.23675115898187
32.67830906482211	62.29718879484159
33.153626015361866	62.358509965240124
33.63585661014871	62.41449687601901
34.125101410453844	62.471392092416735
34.62146244024586	62.52460976985881
35.12504320746613	62.577034074864784
35.635948725613716	62.629158301200725
36.15428553564419	62.680755855806424
36.68016172818701	62.73211147933035
37.21368696608603	62.77931529718031
37.754972507267915	62.82730141766305
38.30413122794313	62.87315276645634
38.86127764614443	62.91944666532158
39.4265279456077	62.9645272424909
40.000000000000206	63.00915618001722
40.58181339750116	63.054072041532955
41.1720894657399	63.098860921830536
41.77095129709678	63.14431355473661
42.37852377437204	63.18927778871227
42.9949335968281	63.235001472289504
43.62030930661056	63.279734055057915
44.25478131555359	63.32475264264786
44.89848193237519	63.37032343890864
45.55154539026795	63.41646481086751
46.21410787489121	63.46287457120808
46.88630755277036	63.508360097692695
47.56828460010916	63.55462922749025
48.260181232021196	63.60214924933015
48.962141732186545	63.65051079459714
49.674312482939705	63.69274372809315
50.39684199579528	63.732382210360804
51.129880942417586	63.766631436862035
51.873582186040764	63.792258977724856
52.628100813345895	63.818232748288274
53.393594166801776	63.84343191278156
54.17022187747612	63.869162692734456
54.95814589832399	63.89421085931298
55.75753053796041	63.91957253689465
56.56854249492426	63.942673992428496
57.39135089244048	63.964121843727014
58.226127313687975	63.98750846658463
59.073045837580466	64.01501078911045
59.932283075067765	64.0429947138204
60.804018205965114	64.05423104286946
61.68843301631817	64.06588852260879
62.58571193631152	64.07798965516491
63.49604207872855	64.09055651001486
64.41961327797075	64.10361378604927
65.35661812964459	64.1171876841952
66.3072520307241	64.13130527391435
67.27171322029778	64.14599695759512
68.25020282090806	64.16129226449462
69.2429248804921	64.16601941200119
70.25008641493265	64.16994621364051
71.27189745122783	64.17244756457082
72.30857107128878	64.17426166510944
73.36032345637442	64.17558464791063
74.42737393217246	64.17544976210004
75.50994501453623	64.1757922341281
76.60826245588666	64.17564228029727
77.72255529228926	64.17605682439773
78.85305589121582	64.17550350257599
80.00000000000082	64.17505926154423
81.16362679500274	64.17282156813287
82.34417893148023	64.16874345800515
83.541902594194	64.16620886413588
84.75704754874454	64.16811076294043
85.98986719365665	64.17014175886642
87.24061861322157	64.16612244173726
88.50956263110764	64.1614051732719
89.79696386475084	64.15974552404107
91.10309078053635	64.15899836126586
92.42821574978288	64.15528067701521
93.77261510554118	64.14725139246082
95.13656920021877	64.13785727131042
96.52036246404286	64.13108322500975
97.92428346437356	64.12179491814766
99.34862496587989	64.10761155906201
100.79368399159105	64.09016197914346
102.25976188483567	64.07096948908227
103.74716437208203	64.04992744970552
105.25620162669229	64.02666463014114
106.78718833360406	64.0019165401276
108.34044375495276	63.97525218761446
109.9162917966485	63.944506510171244
111.51506107592134	63.91251302029916
113.13708498984903	63.883683870225106
114.78270178488147	63.85586360109494
116.45225462737648	63.827042833602576
118.14609167516147	63.7972520467425
119.86456615013608	63.76761715024575
121.60803641193078	63.73841999616694
123.3768660326369	63.709587521107956
125.17142387262359	63.682997954571015
126.99208415745765	63.6571370994624
128.83922655594208	63.62211033652062
130.71323625928977	63.581302518948334
132.61450406144883	63.53837349029749
134.5434264405962	63.49084084405354
136.50040564181674	63.44291020399165
138.48584976098482	63.385976860756706
140.50017282986593	63.328975564157886
142.5437949024563	63.259811763138025
144.61714214257822	63.18686575752558
146.7206469127495	63.10784936934287
148.8547478643456	63.022601438569616
151.01989002907314	62.93487497137472
153.216524911774	62.84003356251614
155.4451105845792	62.74431301767466
157.70611178243232	62.64115973879954
160.00000000000236	62.53655611289583
162.3272535900062	62.43184033774632
164.6883578629612	62.32648810812069
167.08380518838874	62.21919338332332
169.51409509748981	62.109451020433376
171.97973438731407	61.99870954086774
174.4812372264439	61.889037802539605
177.01912526221608	61.778022357819495
179.5939277295025	61.668650826092176
182.20618156107355	61.55850516113165
184.85643149956664	61.446000367586144
187.54523021108326	61.33124740059563
190.27313840043846	61.216982652800965
193.04072492808663	61.10655264020204
195.84856692874806	60.99455889659904
198.69724993176072	60.86957630105905
201.58736798318304	60.74271001348092
204.5195237696723	60.63563983550227
207.49432874416505	60.53541614712563
210.5124032533856	60.438626074059066
213.57437666720915	60.346658368560114
216.68088750990657	60.25415966252535
219.83258359329807	60.1656741537634
223.03012215184378	60.075459904540466
226.2741699796992	59.987801810867374
229.5654035697641	59.89884117754526
232.90450925475412	59.81088342882965
236.2921833503241	59.722812927003034
239.72913230027333	59.637409611570476
243.21607282386276	59.55969935305524
246.75373206527502	59.48041968431224
250.34284774524843	59.4107582428407
253.9841683149166	59.338801679124046
257.67845311188546	59.282857989315154
261.42647251858085	59.23007725899979
265.22900812289896	59.18595152239667
269.08685288119375	59.15083219712709
273.0008112836349	59.11869122942596
276.97169952197106	59.103355876302125
281.00034565973334	59.08590350563485
285.0875898049141	59.07833088481328
289.23428428515797	59.06946097473103
293.44129382550057	59.06197115663427
297.7094957286928	59.054177811559384
302.0397800581479	59.04657854118492
306.4330498235497	59.040651356275674
310.89022116916016	59.03395361289817
315.41222356486645	59.03616774177997
320.00000000000654	59.03659401667774
324.6545071800142	59.039838480030035
329.3767157259242	59.04245048317123
334.16761037677935	59.04305725292069
339.02819019498156	59.04182736235465
343.95946877463007	59.039271448862415
348.9624744528898	59.03549405001982
354.03825052443415	59.030601801436376
359.187855459007	59.024706519867365
364.4123631221491	59.017917494669085
369.71286299913527	59.01034602853273
375.0904604221685	59.00209948730657
380.54627680087896	58.993282945509755
386.08144985617537	58.98399726883389
391.6971338574982	58.974337464375985
397.3944998635236	58.96439478215999
403.1747359663683	58.95425195914096
409.0390475393468	58.94398829262241
414.9886574883323	58.93367397227406
421.0248065067734	58.93302393937171
427.1487533344206	58.9390260224573
433.3617750198154	58.941189397088046
439.6651671865984	58.9348537388799
446.06024430368984	58.928616233566565
452.54833995940066	58.91915020679437
459.13080713953053	58.90996179079881
465.8090185095106	58.901077593427374
472.58436670065066	58.8925176486795
479.45826460054917	58.8842991709119
486.432145647728	58.87643521780003
493.50746413055253	58.86893482953712
500.6856954904994	58.861805321164745
507.9683366298358	58.85504884475598
515.3569062237735	58.85283511300925
522.8529450371643	58.85135570789463
530.4580162458005	58.85722059768871
538.1737057623901	58.86728259622365
546.0016225672724	58.87203273870245
553.9433990439449	58.867458779436284
562.0006913194694	58.86321972084835
570.1751796098309	58.859304612767566
578.4685685703187	58.85569839462958
586.8825876510039	58.86264294576343
595.4189914573883	58.872272343254174
604.0795601162986	58.87922171631188
612.8660996471021	58.8839017994337
621.780442338323	58.887672837961034
630.8244471297356	58.888268654829275
640.0000000000159	58.88908739947233
649.3090143600314	58.90412557707261
658.7534314518515	58.91974217423917
668.3352207535618	58.92711303041767
678.0563803899662	58.93113296722741
687.9189375492632	58.93905250773799
697.9249489057827	58.95215468543806
708.0765010488715	58.96500353042324
718.3757109180171	58.97536475567485
728.8247262443015	58.985854048846846
739.425725998274	58.9937649015107
750.1809208443404	59.00132071027253
761.0925536017613	59.01454035206975
772.1628997123541	59.03167804749356
783.3942677149998	59.045582443028636
794.7889997270506	59.05233252338541
806.34947193274	59.058998737543554
818.0780950786972	59.06691754115304
829.9773149766683	59.07463996197931
842.0496130135506	59.08729154543532
854.2975066688449	59.101367528271595
866.7235500396347	59.1101969113173
879.3303343732008	59.11328325251828
892.1204886073838	59.120597656569636
905.0966799188055	59.14573758875665
918.2616142790653	59.17064019250262
931.6180370190256	59.20008471391313
945.1687334013056	59.229636136452534
958.9165292011028	59.26036686473165
972.8642912954606	59.29155426776072
987.0149282611097	59.32578854309229
1001.3713909810035	59.36549620495862
1015.9366732596762	59.4062998272428
1030.7138124475518	59.46131185414469
1045.7058900743334	59.51603575949099
1060.916032491606	59.58379708692447
1076.3474115247852	59.654412930999996
1092.0032451345498	59.73281220491261
1107.8867980878947	59.81802638481857
1124.0013826389438	59.90551276492318
1140.350359219667	59.99964940245205
1156.9371371406426	60.09390835080759
1173.765175302013	60.195843058756864
1190.837982914782	60.29830275515185
1208.1591202326028	60.40072308412386
1225.73219929421	60.503591357262735
1243.5608846766518	60.60811641937679
1261.648894259477	60.714857585500525
1280.0000000000375	60.82218130605395
1298.6180287200684	60.92583866432565
1317.5068629037087	61.03166071269966
1336.6704415071292	61.140661009529595
1356.112760779938	61.25267222636738
1375.8378750985323	61.367719236635395
1395.8498978115715	61.48612275231574
1416.153002097749	61.6061159560206
1436.7514218360407	61.72523221700553
1457.6494524886093	61.84793539742482
1478.8514519965543	61.96964979686756
1500.3618416886875	62.09500204784072
1522.1851072035295	62.22159655502676
1544.3257994247153	62.35095726706948
1566.788535430007	62.48062993000549
1589.5779994541087	62.61030497491988
1612.6989438654878	62.74295577069823
1636.156190157402	62.87685780356564
1659.9546299533442	63.014666228083776
1684.099226027109	63.153675700651064
1708.5950133376978	63.296735022665786
1733.4471000792773	63.43991058561178
1758.6606687464096	63.58521953559108
1784.2409772147755	63.73365710493142
1810.193359837619	63.88408650524631
1836.5232285581387	64.03843776960005
1863.2360740380593	64.19163915218252
1890.3374668026197	64.34868268770981
1917.833058402214	64.50661650397117
1945.7285825909298	64.6669073335134
1974.0298565222283	64.82557865635098
2002.7427819620161	64.98252133970139
2031.8733465193618	65.1400291930122
2061.4276248951132	65.29611608558389
2091.411780148677	65.45279901674985
2121.832064983222	65.6059565654657
2152.694823049581	65.75953264676494
2184.0064902691106	65.91800893498858
2215.7735961758003	66.07999408431182
2248.002765277899	66.23379487605447
2280.7007184393456	66.37649947967083
2313.874274281297	66.5219880215576
2347.530350604038	66.6539377328692
2381.6759658295764	66.797219514028
2416.318240465218	66.92650398383077
2451.4643985884327	67.06735921739066
2487.1217693533167	67.19659095507664
2523.2977885189675	67.32297022926548
2560.0000000000887	67.45202264860498
2597.236057440151	67.5631714427997
2635.0137258074315	67.68637020465181
2673.340883014273	67.78167013200927
2712.225521559891	67.88311647840749
2751.6757501970797	67.97352569400296
2791.699795623158	68.05826280315344
2832.3060041955137	68.13197839534749
2873.502843672097	68.19078967525995
2915.2989049772345	68.23762057387829
2957.7029039931244	68.26474765236932
3000.723683377391	68.2774755570212
3044.370214407075	68.27075671736202
3088.6515988494466	68.24711035513712
3133.57707086003	68.2092747586932
3179.1559989082334	68.15638015403056
3225.3978877309914	68.08529885459376
3272.3123803148205	67.99528093047495
3319.9092599067053	67.8924148718157
3368.198452054235	67.78360738940863
3417.190026675413	67.66485859680597
3466.8942001585724	67.54067661802377
3517.3213374928373	67.4105317813836
3568.4819544295697	67.27511941521975
3620.386719675257	67.13565337554435
3673.0464571162966	66.99450447556747
3726.472148076138	66.8552592557289
3780.6749336052594	66.71451193796064
3835.6661168044484	66.5632146799635
3891.45716518188	66.4107850609121
3948.059713044477	66.25867422628548
4005.4855639240527	66.10651125651744
4063.746693038744	65.9593236292764
4122.855249790247	65.8194985454095
4182.823560297375	65.68066964426735
4243.664129966465	65.54950878650787
4305.389646099183	65.41809869239003
4368.012980538242	65.29023728401543
4431.5471923516225	65.16264088995905
4496.00553055582	65.04233147237768
4561.401436878714	64.92722803854588
4627.748548562617	64.81368590625605
4695.060701208099	64.70438297282257
4763.351931659176	64.59464000793693
4832.63648093046	64.49080028396519
4902.928797176889	64.38628060372207
4974.243538706657	64.29057764319603
5046.595577037959	64.19747096086263
5120.000000000202	64.10864180018685
5194.472114880326	64.02484173407683
5270.027451614888	63.94196817592084
5346.6817660285715	63.865421326039005
5424.451043119808	63.78817370048163
5503.351500394186	63.721977117817445
5583.399591246343	63.656311621435535
5664.612008391055	63.59343056895693
5747.005687344222	63.53190937568544
5830.597809954497	63.47444774985806
5915.405807986278	63.42500993251262
6001.447366754812	63.37547200648099
6088.740428814181	63.330763689335235
6177.303197698925	63.28553181530936
6267.154141720092	63.242863912292236
6358.3119978165005	63.200453061715564
6450.795775462017	63.16132707863198
6544.624760629676	63.12524085126476
6639.818519813445	63.088456045079646
6736.396904108505	63.05050205854537
6834.380053350861	63.0119994665005
6933.788400317181	62.97818690419729
7034.642674985712	62.94405538606105
7136.963908859177	62.907517939396804
7240.773439350552	62.8695379309014
7346.092914232631	62.82116626135907
7452.944296152315	62.75773281690862
7561.349867210557	62.692141332689665
7671.332233608935	62.61772729715319
7782.914330363799	62.54212833906803
7896.119426088994	62.45345940626465
8010.971127848146	62.361302206500994
8127.49338607753	62.267678261480306
8245.710499580537	62.1725550375099
8365.647120594791	62.07566311134937
8487.328259932974	61.976640655887586
8610.77929219841	61.8761050854482
8736.025961076528	61.77941130912884
8863.094384703289	61.68112126056947
8992.011061111683	61.58855546798487
9122.802873757471	61.49704217655576
9255.497097125279	61.40064196931498
9390.121402416245	61.2986888626212
9526.7038633184	61.196032024621026
9665.272961860968	61.09619786210474
9805.857594353829	60.99465283094256
9948.487077413367	60.893096691572374
10093.19115407597	60.78996682194703
10240.000000000457	60.68626542562959
10388.944229760706	60.58148466848053
10540.05490322983	60.47648797042316
10693.363532057198	60.372682337599315
10848.902086239672	60.26729629641045
11006.703000788428	60.16347825565332
11166.799182492743	60.05779689151498
11329.224016782166	59.95383234279524
11494.0113746885	59.84893289898014
11661.195619909053	59.742602979675766
11830.811615972614	59.634787631677256
12002.894733509682	59.5260771735188
12177.48085762842	59.418866839001076
12354.606395397908	59.309677549419774
12534.308283440243	59.20279524930893
12716.62399563306	59.094113138878264
12901.591550924093	58.98582752441728
13089.249521259411	58.876667696047875
13279.637039626952	58.766533631822966
13472.793808217073	58.65593438340374
13668.760106701786	58.544168206984565
13867.576800634426	58.43656943580179
14069.285349971487	58.32698696662251
14273.927817718419	58.21750607344284
14481.54687870117	58.106433541268736
14692.18582846533	57.99631458527331
14905.888592304698	57.886509840197235
15122.699734421185	57.775776710238574
15342.664467217943	57.66554262538598
15565.828660727671	57.55358014293338
15792.238852178061	57.44311987625295
16021.942255696367	57.331059581715884
16254.986772155136	57.2191976221138
16491.42099916115	57.106585963516586
16731.294241189662	56.99381047340012
16974.65651986603	56.88127491076543
17221.558584396902	56.768351440054104
17472.051922153143	56.656816920412574
17726.188769406665	56.545099508591555
17984.022122223458	56.437295800096365
18245.605747515034	56.330648167729805
18510.99419425065	56.22397099569529
18780.242804832582	56.118489436607994
19053.40772663689	56.01551666424073
19330.545923722028	55.915780842603205
19611.71518870775	55.82271626667471
19896.974154826825	55.755642265291215
20186.382308152035	55.728613414303226