20	64.06515070964767
20.290906698750476	64.06515078299566
20.586044732869844	64.06515085840375
20.885475648548283	64.09546828357254
21.189261887185914	64.14871998115099
21.49746679841394	64.20532392708353
21.810154653305165	64.26918635832605
22.12739065777668	64.3339776911446
22.449240966187475	64.39158793653205
22.77577269513385	64.45003004203377
23.107053937445478	64.50794916498268
23.44315377638505	64.5661484742185
23.784142300054445	64.62337083653165
24.130090616010463	64.67891659047835
24.481070866093134	64.73454274535473
24.837156241469714	64.78625521457509
25.1984209978975	64.83871986036972
25.56494047120865	64.890482354728
25.936791093020236	64.942728981083
26.3140504066728	64.99144141876297
26.69679708340074	65.03743029039651
27.08511093873791	65.08303617234054
27.47907294916184	65.12642778785307
27.878765268980047	65.17045055056519
28.284271247461966	65.20429033235413
28.695675446220072	65.2384069665847
29.11306365684382	65.27141208961618
29.536522918790062	65.30417657995616
29.966141537533712	65.33553604670684
30.402009102982383	65.36454868735503
30.844216508158908	65.3934630979678
31.29285596815558	65.41875466279834
31.74802103936409	65.44441410383739
32.20980663898519	65.46183993636383
32.67830906482211	65.47769317938958
33.153626015361866	65.49221245134189
33.63585661014871	65.50558511368607
34.125101410453844	65.51756300549417
34.62146244024586	65.52486891563137
35.12504320746613	65.53228109483126
35.635948725613716	65.54531091069217
36.15428553564419	65.55876537342785
36.68016172818701	65.56730966818026
37.21368696608603	65.57345075894284
37.754972507267915	65.57732876441321
38.30413122794313	65.57742211804393
38.86127764614443	65.57751654590186
39.4265279456077	65.57760952324517
40.000000000000206	65.5777038553336
40.58181339750116	65.57779706487102
41.1720894657399	65.57789101726314
41.77095129709678	65.57798474323195
42.37852377437204	65.57807831793895
42.9949335968281	65.57656202390284
43.62030930661056	65.5694454294239
44.25478131555359	65.5622253240625
44.89848193237519	65.5562441121485
45.55154539026795	65.55026809356443
46.21410787489121	65.54819858383684
46.88630755277036	65.54829238406435
47.56828460010916	65.54667882070274
48.260181232021196	65.54195643030741
48.962141732186545	65.53692997724664
49.674312482939705	65.52863063400918
50.39684199579528	65.52021057602391
51.129880942417586	65.51841278338668
51.873582186040764	65.51850681222152
52.628100813345895	65.51860068853193
53.393594166801776	65.51869434146232
54.17022187747612	65.51854846469247
54.95814589832399	65.51744047956016
55.75753053796041	65.51631637952843
56.56854249492426	65.50428544756159
57.39135089244048	65.49103035801818
58.226127313687975	65.47860053557812
59.073045837580466	65.46660913981805
59.932283075067765	65.45656849991066
60.804018205965114	65.45064434141645
61.68843301631817	65.4440517135804
62.58571193631152	65.42496999348381
63.49604207872855	65.40561072207498
64.41961327797075	65.38464631505555
65.35661812964459	65.36294647475829
66.3072520307241	65.34015318764975
67.27171322029778	65.31613270429415
68.25020282090806	65.29190413006978
69.2429248804921	65.26798381090491
70.25008641493265	65.24371555780013
71.27189745122783	65.21555652668735
72.30857107128878	65.18653799158947
73.36032345637442	65.15624296842284
74.42737393217246	65.12492993400062
75.50994501453623	65.09127323955283
76.60826245588666	65.05287485982024
77.72255529228926	65.01396605533624
78.85305589121582	64.97692547618922
80.00000000000082	64.93934611615913
81.16362679500274	64.89863793004659
82.34417893148023	64.85637563853452
83.541902594194	64.81411524996939
84.75704754874454	64.77202929443791
85.98986719365665	64.72900346785698
87.24061861322157	64.68349373280503
88.50956263110764	64.63732201891477
89.79696386475084	64.58870218565261
91.10309078053635	64.53908679434147
92.42821574978288	64.48764207239347
93.77261510554118	64.43461272538309
95.13656920021877	64.38030087448587
96.52036246404286	64.32388711008215
97.92428346437356	64.26665274621413
99.34862496587989	64.21283454776079
100.79368399159105	64.1582676747361
102.25976188483567	64.10165765976312
103.74716437208203	64.04369084715474
105.25620162669229	63.98272296830658
106.78718833360406	63.9177735136837
108.34044375495276	63.85228985617446
109.9162917966485	63.78881057659382
111.51506107592134	63.72440788874548
113.13708498984903	63.65884922445048
114.78270178488147	63.592292595858154
116.45225462737648	63.5233734518054
118.14609167516147	63.45226956384578
119.86456615013608	63.38223416777385
121.60803641193078	63.31743327441972
123.3768660326369	63.25168970044225
125.17142387262359	63.181317604352
126.99208415745765	63.109780242206895
128.83922655594208	63.03879516442089
130.71323625928977	62.96755632130045
132.61450406144883	62.89709938108277
134.5434264405962	62.82856469272541
136.50040564181674	62.758912478889584
138.48584976098482	62.687068305689785
140.50017282986593	62.61417890199881
142.5437949024563	62.54504453173228
144.61714214257822	62.47609143018693
146.7206469127495	62.40608276771842
148.8547478643456	62.33500555700995
151.01989002907314	62.26288936037427
153.216524911774	62.189706986219456
155.4451105845792	62.115459788696924
157.70611178243232	62.040187182673044
160.00000000000236	61.96382324157769
162.3272535900062	61.88797392210776
164.6883578629612	61.81192799142812
167.08380518838874	61.73440343381974
169.51409509748981	61.655065489402006
171.97973438731407	61.57466483970817
174.4812372264439	61.49445927415849
177.01912526221608	61.41308646721037
179.5939277295025	61.32891358114735
182.20618156107355	61.24303881102645
184.85643149956664	61.157864895306396
187.54523021108326	61.07355218299593
190.27313840043846	60.98832298534697
193.04072492808663	60.903160552744446
195.84856692874806	60.81675845984744
198.69724993176072	60.732754691118345
201.58736798318304	60.64792348406869
204.5195237696723	60.56211484008284
207.49432874416505	60.47522075369487
210.5124032533856	60.38952873362556
213.57437666720915	60.307803450262
216.68088750990657	60.22509323521265
219.83258359329807	60.14729752199409
223.03012215184378	60.0683686685263
226.2741699796992	59.99111437756798
229.5654035697641	59.91372049412066
232.90450925475412	59.83959629426251
236.2921833503241	59.76974854254871
239.72913230027333	59.70080808567091
243.21607282386276	59.640844144181756
246.75373206527502	59.580005708935765
250.34284774524843	59.52003244772222
253.9841683149166	59.45944139273311
257.67845311188546	59.40122199354979
261.42647251858085	59.34449784954185
265.22900812289896	59.28959272572857
269.08685288119375	59.2403100078054
273.0008112836349	59.190339064011624
276.97169952197106	59.148436239375236
281.00034565973334	59.105920352930724
285.0875898049141	59.06549029687173
289.23428428515797	59.02556052842713
293.44129382550057	58.98813689616738
297.7094957286928	58.95438536867011
302.0397800581479	58.92077140875543
306.4330498235497	58.89074710550505
310.89022116916016	58.86028136723073
315.41222356486645	58.83122642278235
320.00000000000654	58.80208565238712
324.6545071800142	58.775705289288744
329.3767157259242	58.751499152991606
334.16761037677935	58.728419923697736
339.02819019498156	58.70910703463873
343.95946877463007	58.689507694047805
348.9624744528898	58.67141467238488
354.03825052443415	58.653094434972616
359.187855459007	58.63162518187074
364.4123631221491	58.60852599455247
369.71286299913527	58.59204849384697
375.0904604221685	58.58589128157801
380.54627680087896	58.57770061300927
386.08144985617537	58.55356038334873
391.6971338574982	58.52906533167423
397.3944998635236	58.519588429553124
403.1747359663683	58.51335957657911
409.0390475393468	58.50080126937817
414.9886574883323	58.482519944253404
421.0248065067734	58.46786796144701
427.1487533344206	58.46528205053436
433.3617750198154	58.46266353231658
439.6651671865984	58.457805701005604
446.06024430368984	58.45277756399821
452.54833995940066	58.443034203218964
459.13080713953053	58.430792519846406
465.8090185095106	58.41943583537568
472.58436670065066	58.409690982285305
479.45826460054917	58.40067647915376
486.432145647728	58.400625441870254
493.50746413055253	58.40061616362534
500.6856954904994	58.40065412934829
507.9683366298358	58.40075007709706
515.3569062237735	58.40091304665597
522.8529450371643	58.40115416300813
530.4580162458005	58.401486574836994
538.1737057623901	58.401922082154655
546.0016225672724	58.4024779710262
553.9433990439449	58.40316759180952
562.0006913194694	58.40401119437004
570.1751796098309	58.40502601062725
578.4685685703187	58.40623323146098
586.8825876510039	58.407654526029496
595.4189914573883	58.40931178705033
604.0795601162986	58.41123070987599
612.8660996471021	58.41343331251998
621.780442338323	58.415947822820534
630.8244471297356	58.418797479195746
640.0000000000159	58.4220094970319
649.3090143600314	58.42560810655413
658.7534314518515	58.429617181696905
668.3352207535618	58.434060119647114
678.0563803899662	58.438955213729805
687.9189375492632	58.444322275066774
697.9249489057827	58.45017226820664
708.0765010488715	58.45651720212096
718.3757109180171	58.45672606237666
728.8247262443015	58.45319059914242
739.425725998274	58.44932388434035
750.1809208443404	58.44439291221506
761.0925536017613	58.44015738953956
772.1628997123541	58.44694733076159
783.3942677149998	58.4540937125414
794.7889997270506	58.46340280463608
806.34947193274	58.473621707554706
818.0780950786972	58.47858187056662
829.9773149766683	58.47715313377644
842.0496130135506	58.475517147607455
854.2975066688449	58.473068907967466
866.7235500396347	58.4703805330994
879.3303343732008	58.47831434535283
892.1204886073838	58.48747231982104
905.0966799188055	58.497054103269996
918.2616142790653	58.506766046056626
931.6180370190256	58.52038527253096
945.1687334013056	58.543578098187965
958.9165292011028	58.566670554240325
972.8642912954606	58.60656662303303
987.0149282611097	58.64625120263389
1001.3713909810035	58.70228254549916
1015.9366732596762	58.764571759542676
1030.7138124475518	58.83812272624888
1045.7058900743334	58.92635473676401
1060.916032491606	59.01746943366323
1076.3474115247852	59.12299788427064
1092.0032451345498	59.22925721760243
1107.8867980878947	59.35087597882268
1124.0013826389438	59.47587007820723
1140.350359219667	59.60924609525711
1156.9371371406426	59.74931706314821
1173.765175302013	59.89086371717291
1190.837982914782	60.03399870324599
1208.1591202326028	60.17873838982236
1225.73219929421	60.32388969210839
1243.5608846766518	60.47078765815004
1261.648894259477	60.61680941627808
1280.0000000000375	60.76360534030992
1298.6180287200684	60.90458428005787
1317.5068629037087	61.03696699474185
1336.6704415071292	61.17069063389926
1356.112760779938	61.30336281554892
1375.8378750985323	61.43792926025466
1395.8498978115715	61.56336291647037
1416.153002097749	61.68871156924892
1436.7514218360407	61.81146813568101
1457.6494524886093	61.932619134078465
1478.8514519965543	62.05381016033565
1500.3618416886875	62.172087990192054
1522.1851072035295	62.29222745824339
1544.3257994247153	62.41016307818981
1566.788535430007	62.5299379919876
1589.5779994541087	62.65292648012684
1612.6989438654878	62.77844065569987
1636.156190157402	62.90516380137559
1659.9546299533442	63.032778878387155
1684.099226027109	63.16294974441831
1708.5950133376978	63.298676024047424
1733.4471000792773	63.43657555560086
1758.6606687464096	63.576751855956275
1784.2409772147755	63.719178492988135
1810.193359837619	63.866477602609315
1836.5232285581387	64.01823223016893
1863.2360740380593	64.17100928131445
1890.3374668026197	64.32237497669021
1917.833058402214	64.47612569377438
1945.7285825909298	64.628380491217
1974.0298565222283	64.78294074595682
2002.7427819620161	64.93796160859009
2031.8733465193618	65.09452572534379
2061.4276248951132	65.24944947123076
2091.411780148677	65.40074699440086
2121.832064983222	65.55337186825847
2152.694823049581	65.70063536674463
2184.0064902691106	65.85018421553997
2215.7735961758003	65.99189581787896
2248.002765277899	66.13372073507888
2280.7007184393456	66.2712413986497
2313.874274281297	66.40539355132506
2347.530350604038	66.53678848550481
2381.6759658295764	66.65609545995315
2416.318240465218	66.77725096089902
2451.4643985884327	66.89401345274301
2487.1217693533167	67.01237660177024
2523.2977885189675	67.12659118719084
2560.0000000000887	67.23975136559791
2597.236057440151	67.34892091559236
2635.0137258074315	67.45088029136461
2673.340883014273	67.5521515020616
2712.225521559891	67.63578892852394
2751.6757501970797	67.72072472896397
2791.699795623158	67.79190484505165
2832.3060041955137	67.86082040031489
2873.502843672097	67.91691757296663
2915.2989049772345	67.9614864399145
2957.7029039931244	67.9992104877235
3000.723683377391	68.01362263379121
3044.370214407075	68.02830780380785
3088.6515988494466	68.02565565151153
3133.57707086003	68.02214150566502
3179.1559989082334	68.00203734009068
3225.3978877309914	67.97321971817007
3272.3123803148205	67.93635268424914
3319.9092599067053	67.88605573690468
3368.198452054235	67.83400913336804
3417.190026675413	67.76960348284244
3466.8942001585724	67.7043068532297
3517.3213374928373	67.62460164018164
3568.4819544295697	67.54026469152033
3620.386719675257	67.45072305457632
3673.0464571162966	67.35594318446402
3726.472148076138	67.25768723619673
3780.6749336052594	67.15015122710261
3835.6661168044484	67.04108685990185
3891.45716518188	66.91831221586901
3948.059713044477	66.79277621731194
4005.4855639240527	66.66353078010546
4063.746693038744	66.53131909541275
4122.855249790247	66.397893775638
4182.823560297375	66.2638701219275
4243.664129966465	66.12833945555577
4305.389646099183	65.99850336932619
4368.012980538242	65.8668050275498
4431.5471923516225	65.74469615567797
4496.00553055582	65.6244651221218
4561.401436878714	65.50830056483926
4627.748548562617	65.39703330402693
4695.060701208099	65.28461807947834
4763.351931659176	65.17264493277614
4832.63648093046	65.05906385634387
4902.928797176889	64.92591147306713
4974.243538706657	64.78859974063784
5046.595577037959	64.63631603848651
5120.000000000202	64.47306812732813
5194.472114880326	64.29924425178667
5270.027451614888	64.10428488989842
5346.6817660285715	63.90632285699134
5424.451043119808	63.6942737168072
5503.351500394186	63.479155706740265
5583.399591246343	63.265208854052844
5664.612008391055	63.049806401649576
5747.005687344222	62.841064579867854
5830.597809954497	62.64221723702069
5915.405807986278	62.4461140705306
6001.447366754812	62.281655450872194
6088.740428814181	62.114817074225094
6177.303197698925	61.98577781585082
6267.154141720092	61.862024899178714
6358.3119978165005	61.77145903486202
6450.795775462017	61.70734268698855
6544.624760629676	61.65828043845282
6639.818519813445	61.652139518836925
6736.396904108505	61.6459191809318
6834.380053350861	61.7044065291419
6933.788400317181	61.76506148771289
7034.642674985712	61.86661412995684
7136.963908859177	61.98758065787949
7240.773439350552	62.12705792279516
7346.092914232631	62.29339047279903
7452.944296152315	62.459536338117495
7561.349867210557	62.608363479454184
7671.332233608935	62.75936285458584
7782.914330363799	62.80498867618596
7896.119426088994	62.829176271556285
8010.971127848146	62.73738440968097
8127.49338607753	62.54516659817202
8245.710499580537	62.253040552578895
8365.647120594791	61.77853066681429
8487.328259932974	61.25425873196353
8610.77929219841	60.676662031167254
8736.025961076528	60.06236668305183
8863.094384703289	59.48481093918219
8992.011061111683	58.86064065647646
9122.802873757471	58.32432633790442
9255.497097125279	57.80873424066965
9390.121402416245	57.32862490424841
9526.7038633184	56.92006846923935
9665.272961860968	56.64282900005548
9805.857594353829	56.389456587495296
9948.487077413367	56.17309470450838
10093.19115407597	55.991049679941
10240.000000000457	55.83359791506774
10388.944229760706	55.765129394002145
10540.05490322983	55.695668840346514
10693.363532057198	55.59358455699105
10848.902086239672	55.488029605764844
11006.703000788428	55.263909326183736
11166.799182492743	54.973287920610204
11329.224016782166	54.6446871645091
11494.0113746885	54.28529436696488
11661.195619909053	54.04274586223245
11830.811615972614	53.824575096929536
12002.894733509682	53.71254022645272
12177.48085762842	53.6702911396893
12354.606395397908	53.69555234421364
12534.308283440243	53.8690293741169
12716.62399563306	54.04802401257123
12901.591550924093	54.326509001668285
13089.249521259411	54.60904715598949
13279.637039626952	54.861071131326085
13472.793808217073	55.10480625318607
13668.760106701786	55.28696771809366
13867.576800634426	55.39439082415586
14069.285349971487	55.475262993983044
14273.927817718419	55.420096056444656
14481.54687870117	55.36412876694176
14692.18582846533	55.209958358092024
14905.888592304698	55.040338964050605
15122.699734421185	54.86242481867175
15342.664467217943	54.67784669528398
15565.828660727671	54.515518689960416
15792.238852178061	54.40978156427056
16021.942255696367	54.30338146487578
16254.986772155136	54.299849203135274
16491.42099916115	54.29626721182547
16731.294241189662	54.3348605697511
16974.65651986603	54.39061698510367
17221.558584396902	54.455135225507576
17472.051922153143	54.53116669970707
17726.188769406665	54.601818877657045
17984.022122223458	54.63430122148182
18245.605747515034	54.66725745328776
18510.99419425065	54.607796538919715
18780.242804832582	54.53150660616167
19053.40772663689	54.37858178704671
19330.545923722028	54.16468165180926
19611.71518870775	54.09755013199981
19896.974154826825	54.097534384881385
20186.382308152035	54.09751969621737